1.0000e+00 4.0000e-12
1.009 3.7906e-12
1.019 3.5729e-12
1.028 3.3892e-12
1.038 3.198e-12
1.047 3.0365e-12
1.057 2.8682e-12
1.067 2.7107e-12
1.077 2.5631e-12
1.087 2.4248e-12
1.097 2.2952e-12
1.107 2.1736e-12
1.117 2.0594e-12
1.127 1.9522e-12
1.138 1.8416e-12
1.148 1.7475e-12
1.159 1.6503e-12
1.17 1.5594e-12
1.181 1.4742e-12
1.191 1.4015e-12
1.202 1.3263e-12
1.214 1.2495e-12
1.225 1.1837e-12
1.236 1.1219e-12
1.248 1.0587e-12
1.259 1.0044e-12
1.271 9.4883e-13
1.283 8.9681e-13
1.295 8.4809e-13
1.307 8.0243e-13
1.319 7.5961e-13
1.331 7.1944e-13
1.343 6.8172e-13
1.356 6.4343e-13
1.368 6.103e-13
1.381 5.7663e-13
1.394 5.4511e-13
1.407 5.1558e-13
1.42 4.879e-13
1.433 4.6194e-13
1.446 4.3757e-13
1.459 4.1469e-13
1.473 3.916e-13
1.487 3.6999e-13
1.5 3.5117e-13
1.514 3.3213e-13
1.528 3.1428e-13
1.542 2.9755e-13
1.557 2.8076e-13
1.571 2.6607e-13
1.586 2.5133e-13
1.6 2.3842e-13
1.615 2.2544e-13
1.63 2.1327e-13
1.645 2.0187e-13
1.66 1.9117e-13
1.676 1.8047e-13
1.691 1.7108e-13
1.707 1.6168e-13
1.723 1.5288e-13
1.739 1.4463e-13
1.755 1.369e-13
1.771 1.2964e-13
1.788 1.2242e-13
1.804 1.1605e-13
1.821 1.097e-13
1.838 1.0375e-13
1.855 9.8174e-14
1.872 9.2945e-14
1.889 8.8038e-14
1.907 8.3168e-14
1.924 7.8855e-14
1.942 7.457e-14
1.96 7.0554e-14
1.978 6.6789e-14
1.997 6.3065e-14
2.015 5.976e-14
2.034 5.6488e-14
2.053 5.3423e-14
2.072 5.055e-14
2.091 4.7856e-14
2.11 4.5328e-14
2.13 4.2833e-14
2.149 4.0611e-14
2.169 3.8415e-14
2.189 3.6357e-14
2.21 3.4333e-14
2.23 3.2526e-14
2.251 3.0747e-14
2.272 2.9081e-14
2.293 2.7519e-14
2.314 2.6054e-14
2.335 2.468e-14
2.357 2.3329e-14
2.379 2.2064e-14
2.401 2.0879e-14
2.423 1.9767e-14
2.446 1.8678e-14
2.468 1.7701e-14
2.491 1.6742e-14
2.514 1.5844e-14
2.537 1.5002e-14
2.561 1.4178e-14
2.585 1.3406e-14
2.609 1.2683e-14
2.633 1.2005e-14
2.657 1.1369e-14
2.682 1.0747e-14
2.707 1.0166e-14
2.732 9.62e-15
2.757 9.1083e-15
2.783 8.6096e-15
2.808 8.1598e-15
2.834 7.7208e-15
2.861 7.2938e-15
2.887 6.9084e-15
2.914 6.5332e-15
2.941 6.1814e-15
2.968 5.8516e-15
2.996 5.5311e-15
3.023 5.2412e-15
3.051 4.9591e-15
3.08 4.6855e-15
3.108 4.4379e-15
3.137 4.1973e-15
3.166 3.9719e-15
3.195 3.7604e-15
3.225 3.5553e-15
3.255 3.3632e-15
3.285 3.1831e-15
3.315 3.0141e-15
3.346 2.8504e-15
3.377 2.697e-15
3.408 2.5531e-15
3.44 2.4138e-15
3.472 2.2834e-15
3.504 2.1611e-15
3.536 2.0464e-15
3.569 1.9354e-15
3.602 1.8315e-15
3.635 1.7339e-15
3.669 1.6397e-15
3.703 1.5514e-15
3.737 1.4687e-15
3.772 1.3888e-15
3.807 1.3139e-15
3.842 1.2437e-15
3.878 1.176e-15
3.914 1.1126e-15
3.95 1.0531e-15
3.987 9.9582e-16
4.024 9.4213e-16
4.061 8.9179e-16
4.098 8.4456e-16
4.136 7.9906e-16
4.175 7.553e-16
4.213 7.1534e-16
4.252 6.7686e-16
4.292 6.3988e-16
4.331 6.0608e-16
4.372 5.7277e-16
4.412 5.4231e-16
4.453 5.1303e-16
4.494 4.8558e-16
4.536 4.5922e-16
4.578 4.3452e-16
4.62 4.1135e-16
4.663 3.8911e-16
4.706 3.6825e-16
4.75 3.4826e-16
4.794 3.2951e-16
4.838 3.1194e-16
4.883 2.9508e-16
4.928 2.7928e-16
4.974 2.6413e-16
5.02 2.4994e-16
5.066 2.3663e-16
5.113 2.2387e-16
5.161 2.1167e-16
5.209 2.0023e-16
5.257 1.8951e-16
5.305 1.7945e-16
5.355 1.6963e-16
5.404 1.6061e-16
5.454 1.5197e-16
5.505 1.4372e-16
5.556 1.3598e-16
5.607 1.2873e-16
5.659 1.2179e-16
5.712 1.1517e-16
5.764 1.0907e-16
5.818 1.0314e-16
5.872 9.7576e-17
5.926 9.2361e-17
5.981 8.7381e-17
6.036 8.2711e-17
6.092 7.8253e-17
6.149 7.4e-17
6.206 7.0015e-17
6.263 6.6277e-17
6.321 6.2711e-17
6.38 5.9311e-17
6.439 5.6124e-17
6.498 5.3135e-17
6.559 5.0238e-17
6.619 4.7567e-17
6.681 4.4979e-17
6.743 4.2554e-17
6.805 4.028e-17
6.868 3.8113e-17
6.932 3.605e-17
6.996 3.4116e-17
7.061 3.2275e-17
7.126 3.0548e-17
7.192 2.8904e-17
7.259 2.734e-17
7.326 2.5874e-17
7.394 2.4478e-17
7.462 2.317e-17
7.531 2.1925e-17
7.601 2.0741e-17
7.672 1.9616e-17
7.743 1.8561e-17
7.814 1.7572e-17
7.887 1.6618e-17
7.96 1.5725e-17
8.034 1.4875e-17
8.108 1.4079e-17
8.183 1.3322e-17
8.259 1.2604e-17
8.335 1.193e-17
8.412 1.1289e-17
8.49 1.0681e-17
8.569 1.0104e-17
8.648 9.5624e-18
8.729 9.0422e-18
8.809 8.5605e-18
8.891 8.0976e-18
8.973 7.6636e-18
9.056 7.2517e-18
9.14 6.8609e-18
9.225 6.4903e-18
9.31 6.1427e-18
9.397 5.8093e-18
9.484 5.4968e-18
9.572 5.2005e-18
9.66 4.9226e-18
9.75 4.6562e-18
9.84 4.4065e-18
9.931 4.1697e-18
10.02 3.9523e-18
10.12 3.7237e-18
10.21 3.5311e-18
10.3 3.3499e-18
10.4 3.1613e-18
10.5 2.9849e-18
10.59 2.8359e-18
10.69 2.6804e-18
10.79 2.5347e-18
10.89 2.3982e-18
10.99 2.2703e-18
11.09 2.1502e-18
11.2 2.0265e-18
11.3 1.9213e-18
11.4 1.8224e-18
11.51 1.7203e-18
11.62 1.6249e-18
11.72 1.5435e-18
11.83 1.4593e-18
11.94 1.3805e-18
12.05 1.3082e-18
12.16 1.2373e-18
12.28 1.1665e-18
12.39 1.1057e-18
12.51 1.0436e-18
12.62 9.9016e-19
12.74 9.355000000000001e-19
12.86 8.843400000000001e-19
12.98 8.364e-19
13.1 7.914700000000001e-19
13.22 7.4933e-19
13.34 7.0979e-19
13.46 6.726600000000001e-19
13.59 6.349600000000001e-19
13.71 6.023400000000001e-19
13.84 5.691800000000001e-19
13.97 5.3813e-19
14.1 5.090400000000001e-19
14.23 4.8177e-19
14.36 4.561800000000001e-19
14.49 4.3217000000000006e-19
14.63 4.0795e-19
14.76 3.8686e-19
14.9 3.6555000000000005e-19
15.04 3.4561000000000004e-19
15.18 3.2692000000000003e-19
15.32 3.094e-19
15.46 2.9296000000000003e-19
15.6 2.7754000000000004e-19
15.75 2.6205000000000003e-19
15.89 2.485e-19
16.04 2.3488000000000004e-19
16.19 2.2212e-19
16.34 2.1017000000000003e-19
16.49 1.9896000000000001e-19
16.64 1.8844000000000002e-19
16.8 1.7792000000000002e-19
16.95 1.6868e-19
17.11 1.5944000000000002e-19
17.27 1.5078000000000001e-19
17.43 1.4266000000000002e-19
17.59 1.3505e-19
17.75 1.2791000000000001e-19
17.92 1.2080000000000001e-19
18.08 1.1453000000000001e-19
18.25 1.0827e-19
18.42 1.0242e-19
18.59 9.6925e-20
18.76 9.1774e-20
18.94 8.6664e-20
19.11 8.214100000000001e-20
19.29 7.7649e-20
19.47 7.344100000000001e-20
19.65 6.9497e-20
19.83 6.579800000000001e-20
20.01 6.2326e-20
20.2 5.8892e-20
20.38 5.584e-20
20.57 5.2817e-20
20.76 4.9983e-20
20.96 4.719e-20
21.15 4.4704e-20
21.35 4.225e-20
21.54 4.0064e-20
21.74 3.7904000000000004e-20
21.95 3.5781e-20
22.15 3.3887e-20
22.35 3.2109e-20
22.56 3.0358e-20
22.77 2.8718e-20
22.98 2.718e-20
23.19 2.5737e-20
23.41 2.4321e-20
23.63 2.2995e-20
23.84 2.1808e-20
24.06 2.064e-20
24.29 1.9496e-20
24.51 1.8471e-20
24.74 1.7465e-20
24.97 1.6524000000000002e-20
25.2 1.5641e-20
25.43 1.4812000000000002e-20
25.67 1.4002e-20
25.91 1.3243000000000001e-20
26.15 1.2532e-20
26.39 1.1866e-20
26.63 1.124e-20
26.88 1.0629000000000001e-20
27.13 1.0056e-20
27.38 9.519599999999999e-21
27.63 9.0162e-21
27.89 8.525399999999999e-21
28.15 8.065699999999999e-21
28.41 7.634699999999999e-21
28.67 7.2306e-21
28.94 6.8372e-21
29.21 6.4687999999999994e-21
29.48 6.1235e-21
29.75 5.799799999999999e-21
30.02 5.4959999999999995e-21
30.3 5.2008e-21
30.58 4.9243999999999995e-21
30.87 4.6574e-21
31.15 4.423799999999999e-21
31.44 3.2965e-20
31.73 3.965499999999999e-21
32.03 3.742e-21
32.32 3.5459e-21
32.62 3.3566999999999995e-21
32.92 3.1796999999999996e-21
33.23 3.0082999999999997e-21
33.54 2.8478999999999997e-21
33.85 2.6975999999999996e-21
34.16 2.5567999999999997e-21
34.48 2.4204999999999997e-21
34.8 2.2928e-21
35.12 2.1732e-21
35.44 2.061e-21
35.77 1.9525e-21
36.1 1.8508999999999998e-21
36.44 1.7529e-21
36.78 1.6609999999999998e-21
37.12 1.5749999999999998e-21
37.46 1.4943999999999998e-21
37.81 1.4167e-21
38.16 1.3438999999999999e-21
38.51 1.2755999999999999e-21
38.87 1.2098999999999998e-21
39.23 1.1482999999999999e-21
39.59 1.0906999999999998e-21
39.96 1.0351999999999999e-21
40.33 9.8318e-22
40.7 9.3449e-22
41.08 8.876599999999999e-22
41.46 8.4383e-22
41.84 8.0277e-22
42.23 7.6331e-22
42.62 7.263699999999999e-22
43.02 6.909199999999999e-22
43.41 6.585599999999999e-22
43.82 6.267199999999999e-22
44.22 5.9764e-22
44.63 5.697399999999999e-22
45.05 5.4301e-22
45.46 5.1858e-22
45.88 4.9515999999999995e-22
46.31 4.7272e-22
46.74 4.5173e-22
47.17 4.3209e-22
47.61 4.1329e-22
48.05 3.957e-22
48.49 3.7923e-22
48.94 3.6346e-22
49.4 3.4838e-22
49.85 3.3458e-22
50.32 3.2107999999999997e-22
50.78 3.0871e-22
51.25 2.9686999999999997e-22
51.73 2.8554999999999997e-22
52.21 2.7495e-22
52.69 2.6502e-22
53.18 2.5550999999999997e-22
53.67 2.4659e-22
54.17 2.3806e-22
54.67 2.3005e-22
55.17 2.2251999999999997e-22
55.69 2.1516999999999997e-22
56.2 2.084e-22
56.72 2.019e-22
57.25 1.9566e-22
57.78 1.898e-22
58.31 1.8427e-22
58.85 1.7895e-22
59.4 1.7383999999999998e-22
59.95 1.6902e-22
60.5 1.6446e-22
61.06 1.6006e-22
61.63 1.5583e-22
62.2 1.5181999999999998e-22
62.78 1.4794999999999998e-22
63.36 1.4428e-22
63.94 1.4077999999999999e-22
64.54 1.3735e-22
65.13 1.3412999999999999e-22
65.74 1.3097e-22
66.35 1.2794999999999999e-22
66.96 1.2506999999999998e-22
67.58 1.2228e-22
68.21 1.1956e-22
68.84 1.1696e-22
69.48 1.1443999999999998e-22
70.12 1.1202e-22
70.77 1.0967e-22
71.43 1.0737e-22
72.09 1.0516999999999999e-22
72.75 1.0305999999999999e-22
73.43 1.0095999999999999e-22
74.11 9.894699999999999e-23
74.8 9.698e-23
75.49 9.5088e-23
76.19 9.3238e-23
76.89 9.1455e-23
77.61 8.9688e-23
78.32 8.8007e-23
79.05 8.634e-23
79.78 8.4731e-23
80.52 8.3156e-23
81.27 8.1615e-23
82.02 8.0127e-23
82.78 7.8669e-23
83.55 7.7243e-23
84.32 7.5864e-23
85.1 7.4513e-23
85.89 7.3191e-23
86.68 7.1912e-23
87.49 7.0645e-23
88.3 6.9419e-23
89.11 6.823299999999999e-23
89.94 6.7058e-23
90.77 6.5921e-23
91.61 6.4809e-23
92.46 6.372e-23
93.32 6.2654e-23
94.18 6.1624e-23
95.06 6.0605e-23
95.94 5.962e-23
96.82 5.8667e-23
97.72 5.7726e-23
98.63 5.6805e-23
99.54 5.5917e-23
100.5 5.501e-23
101.4 5.4192e-23
102.3 5.3402e-23
103.3 5.255e-23
104.2 5.1815e-23
105.2 5.1022e-23
106.2 5.0259e-23
107.2 4.9525e-23
108.2 4.8818e-23
109.2 4.8138e-23
110.2 4.7482999999999997e-23
111.2 4.6854e-23
112.2 4.6249e-23
113.3 4.5604e-23
114.3 4.5048e-23
115.4 4.4454e-23
116.4 4.3944e-23
117.5 4.3398e-23
118.6 4.2877e-23
119.7 4.2378999999999997e-23
120.8 4.1904e-23
121.9 4.1451e-23
123.1 4.0972e-23
124.2 4.0563e-23
125.3 4.0173e-23
126.5 3.9762e-23
127.7 3.9373e-23
128.9 3.9005e-23
130.1 3.8657e-23
131.3 3.833e-23
132.5 3.8023e-23
133.7 3.7734e-23
134.9 3.7464e-23
136.2 3.7182e-23
137.4 3.6949e-23
138.7 3.6704e-23
140.0 3.6479e-23
141.3 3.6270999999999997e-23
142.6 3.6081e-23
143.9 3.5909e-23
145.3 3.5731e-23
146.6 3.5592e-23
148.0 3.5449e-23
149.3 3.5343e-23
150.7 3.5234e-23
152.1 3.5141e-23
153.5 3.5064e-23
154.9 3.5004e-23
156.4 3.4945e-23
157.8 3.4919e-23
159.3 3.4896e-23
160.8 3.4894e-23
162.3 3.4914e-23
163.8 3.4962e-23
165.3 3.5046e-23
166.8 3.5183e-23
168.4 3.5403e-23
169.9 3.5831999999999997e-23
171.5 3.6797e-23
173.1 4.0113e-23
174.7 7.4519e-23
176.3 5.846799999999999e-23
177.9 3.906e-23
179.6 3.6746e-23
181.2 3.6148e-23
182.9 3.5967e-23
184.6 3.5943e-23
186.3 3.5995e-23
188.1 3.6083e-23
189.8 3.6204e-23
191.6 3.634e-23
193.3 3.6496999999999997e-23
195.1 3.6662e-23
196.9 3.6839e-23
198.7 3.7026e-23
200.6 3.722e-23
202.4 3.7426e-23
204.3 3.7637e-23
206.2 3.7857e-23
208.1 3.8084e-23
210.0 3.832e-23
212.0 3.8559999999999997e-23
214.0 3.8808e-23
215.9 3.9064999999999997e-23
217.9 3.9327e-23
220.0 3.9594e-23
222.0 3.9869e-23
224.1 4.0149e-23
226.1 4.0437e-23
228.2 4.073e-23
230.3 4.1029e-23
232.5 4.1333e-23
234.6 4.1645e-23
236.8 4.1961e-23
239.0 4.2282999999999997e-23
241.2 4.261e-23
243.4 4.2944e-23
245.7 4.3282e-23
248.0 4.3626e-23
250.3 4.3975e-23
252.6 4.433e-23
254.9 4.469e-23
257.3 4.5055e-23
259.7 4.5426e-23
262.1 4.5802e-23
264.5 4.6182999999999997e-23
266.9 4.6569e-23
269.4 4.6960999999999997e-23
271.9 4.7357e-23
274.4 4.7759e-23
277.0 4.8164999999999997e-23
279.5 4.8577e-23
282.1 4.8993999999999997e-23
284.7 4.9415999999999997e-23
287.4 4.9843e-23
290.0 5.0275e-23
292.7 5.0712e-23
295.4 5.1154999999999997e-23
298.2 5.1603e-23
300.9 5.2055e-23
303.7 5.2513e-23
306.5 5.2975e-23
309.4 5.3444e-23
312.2 5.391599999999999e-23
315.1 5.4395e-23
318.1 5.4879e-23
321.0 5.5367e-23
324.0 5.5861e-23
327.0 5.636e-23
330.0 5.6864e-23
333.1 5.7374e-23
336.1 5.7889e-23
339.3 5.841e-23
342.4 5.8935e-23
345.6 5.9466e-23
348.8 6.0003e-23
352.0 6.0545e-23
355.3 6.1092e-23
358.6 6.1646e-23
361.9 6.2204e-23
365.2 6.2768e-23
368.6 6.3338e-23
372.0 6.3914e-23
375.5 6.4496e-23
378.9 6.5082e-23
382.5 6.5677e-23
386.0 6.6276e-23
389.6 6.6882e-23
393.2 6.7495e-23
396.8 6.8117e-23
400.5 6.875299999999999e-23
404.2 6.9429e-23
408.0 7.0534e-23
411.7 7.1657e-23
415.5 7.136e-23
419.4 7.1955e-23
423.3 7.26e-23
427.2 7.3259e-23
431.2 7.3929e-23
435.1 7.460499999999999e-23
439.2 7.5289e-23
443.2 7.5979e-23
447.4 7.6678e-23
451.5 7.7382e-23
455.7 7.8093e-23
459.9 7.8811e-23
464.2 7.9537e-23
468.5 8.0269e-23
472.8 8.100699999999999e-23
477.2 8.175299999999999e-23
481.6 8.2506e-23
486.1 8.3267e-23
490.6 8.4034e-23
495.1 8.4808e-23
499.7 8.5591e-23
504.3 8.638e-23
509.0 8.7177e-23
513.7 8.7981e-23
518.5 8.8794e-23
523.3 8.9614e-23
528.1 9.0441e-23
533.0 9.1276e-23
537.9 9.211899999999999e-23
542.9 9.297e-23
547.9 9.3829e-23
553.0 9.4696e-23
558.1 9.5572e-23
563.3 9.6456e-23
568.5 9.7348e-23
573.8 9.824799999999999e-23
579.1 9.9157e-23
584.5 1.0008e-22
589.9 1.01e-22
595.4 1.0193999999999999e-22
600.9 1.0288e-22
606.4 1.0383e-22
612.0 1.0479e-22
617.7 1.0576e-22
623.4 1.0674e-22
629.2 1.0772999999999999e-22
635.0 1.0873e-22
640.9 1.0974e-22
646.9 1.1076e-22
652.9 1.1177999999999998e-22
658.9 1.1281999999999998e-22
665.0 1.1385999999999998e-22
671.2 1.1492e-22
677.4 1.1598999999999999e-22
683.7 1.1706e-22
690.0 1.1815e-22
696.4 1.1925e-22
702.8 1.2035e-22
709.3 1.2147e-22
715.9 1.226e-22
722.5 1.2373999999999998e-22
729.2 1.2493e-22
736.0 1.2608e-22
742.8 1.2722e-22
749.7 1.284e-22
756.6 1.2959e-22
763.6 1.3078999999999998e-22
770.7 1.3201e-22
777.8 1.3323e-22
785.0 1.3447e-22
792.3 1.3572e-22
799.7 1.3699e-22
807.1 1.3826e-22
814.5 1.3954e-22
822.1 1.4083999999999998e-22
829.7 1.4215e-22
837.4 1.4348e-22
845.1 1.4481e-22
853.0 1.4615999999999998e-22
860.9 1.4752e-22
868.8 1.4889e-22
876.9 1.5028e-22
885.0 1.5168e-22
893.2 1.5308999999999998e-22
901.5 1.5452e-22
909.8 1.5596e-22
918.3 1.5741e-22
926.8 1.5888e-22
935.3 1.6035999999999999e-22
944.0 1.6185e-22
952.8 1.6336e-22
961.6 1.6489e-22
970.5 1.6642999999999999e-22
979.5 1.6798e-22
988.5 1.6954e-22
997.7 1.7113e-22
1007.0 1.7272999999999999e-22
1016.0 1.7433e-22
1026.0 1.7596999999999998e-22
1035.0 1.7761e-22
1045.0 1.7929e-22
1054.0 1.8093999999999998e-22
1064.0 1.8263e-22
1074.0 1.8433999999999999e-22
1084.0 1.8606e-22
1094.0 1.878e-22
1104.0 1.8956e-22
1114.0 1.9132999999999999e-22
1125.0 1.9312999999999998e-22
1135.0 1.9492999999999998e-22
1146.0 1.9676999999999998e-22
1156.0 1.986e-22
1167.0 2.0045999999999999e-22
1178.0 2.0234e-22
1189.0 2.0424e-22
1200.0 2.0615e-22
1211.0 2.0808e-22
1222.0 2.1003e-22
1233.0 2.1199e-22
1245.0 2.1399e-22
1256.0 2.1598999999999997e-22
1268.0 2.1802e-22
1280.0 2.2007e-22
1292.0 2.2214e-22
1304.0 2.2423e-22
1316.0 2.2633e-22
1328.0 2.2846e-22
1340.0 2.3059999999999997e-22
1352.0 2.3276e-22
1365.0 2.3496e-22
1378.0 2.3717999999999997e-22
1390.0 2.394e-22
1403.0 2.4164999999999997e-22
1416.0 2.4393e-22
1429.0 2.4623e-22
1443.0 2.4856e-22
1456.0 2.509e-22
1469.0 2.5325e-22
1483.0 2.5565e-22
1497.0 2.5807e-22
1511.0 2.605e-22
1525.0 2.6295999999999997e-22
1539.0 2.6544999999999997e-22
1553.0 2.6795e-22
1567.0 2.7047999999999997e-22
1582.0 2.7304e-22
1597.0 2.7563e-22
1611.0 2.7823e-22
1626.0 2.8085999999999997e-22
1641.0 2.8351999999999997e-22
1657.0 2.8622e-22
1672.0 2.8893e-22
1687.0 2.9166e-22
1703.0 2.9444e-22
1719.0 2.9724e-22
1735.0 3.0005999999999997e-22
1751.0 3.0291e-22
1767.0 3.0578e-22
1783.0 3.0869e-22
1800.0 3.1163e-22
1817.0 3.1461e-22
1833.0 3.1759e-22
1850.0 3.2061e-22
1868.0 3.2368999999999997e-22
1885.0 3.2677e-22
1902.0 3.2987999999999996e-22
1920.0 3.3304e-22
1938.0 3.3621999999999997e-22
1956.0 3.3943999999999998e-22
1974.0 3.4267999999999997e-22
1992.0 3.4596e-22
2010.0 3.4926e-22
2029.0 3.5261e-22
2048.0 3.5599999999999996e-22
2067.0 3.5942e-22
2086.0 3.6286e-22
2105.0 3.6634e-22
2125.0 3.6987e-22
2145.0 3.7343999999999997e-22
2164.0 3.7701e-22
2184.0 3.8064e-22
2205.0 3.8433e-22
2225.0 3.8803e-22
2246.0 3.9178e-22
2266.0 3.9554999999999997e-22
2287.0 3.9936999999999997e-22
2309.0 4.0325e-22
2330.0 4.0715e-22
2352.0 4.1109999999999997e-22
2373.0 4.1506999999999998e-22
2395.0 4.1909999999999996e-22
2418.0 4.2318999999999996e-22
2440.0 4.272899999999999e-22
2463.0 4.3146e-22
2485.0 4.3564e-22
2508.0 4.3988e-22
2532.0 4.4419e-22
2555.0 4.4852e-22
2579.0 4.5291e-22
2603.0 4.5734e-22
2627.0 4.6181e-22
2651.0 4.6632999999999995e-22
2676.0 4.709199999999999e-22
2700.0 4.7551e-22
2725.0 4.8019e-22
2751.0 4.8493e-22
2776.0 4.896899999999999e-22
2802.0 4.945299999999999e-22
2828.0 4.994099999999999e-22
2854.0 5.0434e-22
2880.0 5.0931e-22
2907.0 5.143599999999999e-22
2934.0 5.1946e-22
2961.0 5.246099999999999e-22
2989.0 5.298399999999999e-22
3016.0 5.3509e-22
3044.0 5.4041e-22
3072.0 5.4579e-22
3101.0 5.5126e-22
3130.0 5.567799999999999e-22
3159.0 5.6234999999999995e-22
3188.0 5.6798e-22
3217.0 5.7365e-22
3247.0 5.794199999999999e-22
3277.0 5.8525e-22
3308.0 5.911699999999999e-22
3338.0 5.971e-22
3369.0 6.0314e-22
3400.0 6.0923e-22
3432.0 6.1542e-22
3464.0 6.2167e-22
3496.0 6.279799999999999e-22
3528.0 6.3435e-22
3561.0 6.4083e-22
3594.0 6.4737e-22
3627.0 6.5397e-22
3661.0 6.606799999999999e-22
3695.0 6.674599999999999e-22
3729.0 6.743e-22
3763.0 6.8121e-22
3798.0 6.8823e-22
3833.0 6.953199999999999e-22
3869.0 7.025299999999999e-22
3905.0 7.0981e-22
3941.0 7.1717e-22
3977.0 7.2458999999999995e-22
4014.0 7.3214e-22
4051.0 7.3976e-22
4089.0 7.475099999999999e-22
4127.0 7.553399999999999e-22
4165.0 7.6325e-22
4204.0 7.7129e-22
4243.0 7.7941e-22
4282.0 7.876099999999999e-22
4322.0 7.9595e-22
4362.0 8.0437e-22
4402.0 8.1288e-22
4443.0 8.2153e-22
4484.0 8.302699999999999e-22
4525.0 8.391e-22
4567.0 8.4808e-22
4610.0 8.5721e-22
4652.0 8.6637e-22
4695.0 8.756799999999999e-22
4739.0 8.851599999999999e-22
4783.0 8.947399999999999e-22
4827.0 9.0441e-22
4872.0 9.1425e-22
4917.0 9.241899999999999e-22
4962.0 9.3423e-22
5008.0 9.4444e-22
5055.0 9.5484e-22
5102.0 9.6534e-22
5149.0 9.7594e-22
5197.0 9.867399999999999e-22
5245.0 9.9764e-22
5293.0 1.0086999999999999e-21
5342.0 1.0198999999999999e-21
5392.0 1.0312999999999998e-21
5442.0 1.0428e-21
5492.0 1.0544e-21
5543.0 1.0663e-21
5594.0 1.0783e-21
5646.0 1.0904e-21
5698.0 1.1027999999999998e-21
5751.0 1.1152999999999999e-21
5804.0 1.1279e-21
5858.0 1.1408e-21
5913.0 1.1539999999999999e-21
5967.0 1.1671e-21
6023.0 1.1805999999999999e-21
6078.0 1.1941e-21
6135.0 1.208e-21
6191.0 1.2218999999999998e-21
6249.0 1.2361999999999998e-21
6307.0 1.2506e-21
6365.0 1.2652e-21
6424.0 1.28e-21
6484.0 1.2952e-21
6544.0 1.3103999999999998e-21
6604.0 1.3257999999999998e-21
6665.0 1.3414999999999999e-21
6727.0 1.3575e-21
6789.0 1.3736999999999999e-21
6852.0 1.3901e-21
6916.0 1.4068999999999999e-21
6980.0 1.4237999999999998e-21
7044.0 1.4408999999999998e-21
7110.0 1.4584999999999998e-21
7176.0 1.4762e-21
7242.0 1.4941e-21
7309.0 1.5123999999999998e-21
7377.0 1.5309999999999998e-21
7445.0 1.5496999999999999e-21
7514.0 1.5688999999999998e-21
7584.0 1.5882999999999999e-21
7654.0 1.6079999999999998e-21
7725.0 1.6279999999999998e-21
7796.0 1.6483e-21
7869.0 1.669e-21
7941.0 1.6899e-21
8015.0 1.7113e-21
8089.0 1.7328e-21
8164.0 1.7547999999999997e-21
8240.0 1.7772e-21
8316.0 1.7999e-21
8393.0 1.8229e-21
8471.0 1.8464e-21
8549.0 1.8701e-21
8629.0 1.8944e-21
8708.0 1.9188e-21
8789.0 1.9437999999999996e-21
8870.0 1.9690999999999997e-21
8953.0 1.9951e-21
9036.0 2.0212999999999997e-21
9119.0 2.0478e-21
9204.0 2.0749999999999997e-21
9289.0 2.1024e-21
9375.0 2.1303999999999998e-21
9462.0 2.1588999999999997e-21
9549.0 2.1875999999999997e-21
9638.0 2.2170999999999996e-21
9727.0 2.2468999999999996e-21
9817.0 2.2772999999999997e-21
9908.0 2.3081999999999998e-21
10000.0 2.3396e-21
