simulation_id	longitude	latitude	inclination	distance	mass1	mass2	spin1z	spin2z	gps_time	geocent_end_time	geocent_end_time_ns
39	2.4084685	0.086911397	0.26154381	296.42256	2.3524033	2.0449923	-0.1767555	-0.014443236	1026060430.654872	1026060430	666605115
47	2.434501	-0.44445802	2.6385445	512.32819	1.8709302	1.5844556	0.12146003	0.17324942	1001128439.914347	1001128439	894866824
61	4.9260559	0.77806619	2.7293805	548.67382	2.0140382	1.9691527	-0.21953715	-0.19908697	1003627478.906444	1003627478	925870895
85	4.6484458	0.3994863	0.98852277	202.2241	2.162526	1.6608185	-0.067177778	0.012920302	1008267304.940782	1008267304	960808992
99	0.74084987	-0.15450337	2.4096784	248.38971	1.5296106	1.4760985	0.30110241	-0.067942275	1009003750.626392	1009003750	633914471
100	6.0422185	-0.82245846	2.5673898	322.97238	2.0920431	1.6067648	0.045075312	0.1718562	1000314673.442261	1000314673	422108650
116	3.0974585	-0.68239946	1.1365684	214.08979	2.6993959	1.6709211	0.37668724	-0.05015348	1011303961.8245	1011303961	804257751
118	0.22181978	-1.0038999	1.7644685	353.37214	2.7121627	2.5585066	-0.38185006	0.1592998	1015152164.702627	1015152164	683887959
128	2.4400603	1.3253426	0.62853526	330.61691	2.1099369	1.4581967	0.0098702219	0.0047005946	1028999168.402447	1028999168	418889999
131	0.85922384	-0.91662939	2.0270559	176.01394	1.8034991	1.4037645	0.09718093	-0.049443146	1029903313.171134	1029903313	155454755
134	2.8824834	-0.18194166	2.6717784	642.38842	2.9108419	1.398045	-0.01222341	0.041867228	1014232326.514454	1014232326	496415257
135	1.2494087	-0.65017802	0.67286493	252.98103	1.6987914	1.4178988	-0.05664085	0.3000103	1001881688.424027	1001881688	405323625
146	2.9124411	-1.124759	2.0826885	266.22379	1.9860359	1.4187446	0.024371051	-0.0064244607	1013797580.247523	1013797580	229056597
159	3.2766243	0.17193163	2.2850471	329.61565	2.2138345	1.3745482	-0.10477087	0.15506444	1004899283.80429	1004899283	819711566
162	0.21553895	1.1719583	2.5816087	584.86725	2.3113812	1.7016935	-0.24750953	0.28812079	1019928499.434083	1019928499	452717304
165	4.8161088	-1.2955216	2.4875824	173.67524	2.085473	1.7862676	-0.075195322	-0.37772242	1027137101.978638	1027137101	967010975
169	2.6636977	-1.1281262	0.36931392	370.80389	1.6524845	1.3496192	-0.14952624	-0.10593118	1023903358.061279	1023903358	45019388
187	4.0165991	0.50657333	0.53762049	409.21088	2.8327512	2.2946444	0.9646218	-0.085915434	1009562493.690197	1009562493	707424879
195	3.4829313	0.59753761	2.9313987	283.49975	2.3357767	1.5615813	0.045634532	-0.059704558	1008333985.823242	1008333985	841132879
213	0.99768505	0.62898513	0.77175986	597.98916	2.9660422	2.7307576	0.057743466	-0.27222052	1025624227.935611	1025624227	956337810
230	2.3545364	0.95296988	0.51816305	264.61332	2.238126	2.2124294	0.30355054	-0.015296327	1017356893.345825	1017356893	361666560
235	4.0064508	0.55932509	2.438276	285.24977	1.6721379	1.5756188	-0.23725997	0.095855491	1015085224.532001	1015085224	543776035
257	4.9323555	0.67865002	0.48871369	431.68682	2.4819136	2.3575962	0.0039534624	0.17760244	1010865638.232948	1010865638	251975536
258	3.1695342	-0.29969188	0.27127156	152.95628	1.4802995	1.2294189	-0.041405583	0.13460349	1001846157.127632	1001846157	116204023
261	0.88703221	0.43816993	0.75797817	360.4261	2.9099075	1.4063194	0.5953834	0.040575161	1005713737.981328	1005713738	929236
262	0.46859683	-1.0962544	0.7662463	341.15779	2.4077816	2.2011684	0.076337993	0.084271528	1006955455.876245	1006955455	858324885
264	1.3120584	0.72438008	0.2287892	653.53713	2.1798151	1.5452847	0.043399335	0.20968718	1021575645.435898	1021575645	456230521
274	2.7591152	-0.52819453	0.71783405	638.17545	2.1422764	1.4653139	-0.19045806	-0.0097528814	1009142532.333053	1009142532	313266397
285	4.3071662	-0.71540193	1.8330854	165.53611	2.2172886	1.6683771	0.02043206	-0.10226046	1021657152.567122	1021657152	547188163
289	4.5719603	0.18239625	2.7323827	429.49705	1.5566183	1.5470729	-0.31360687	-0.15998377	1018098758.97821	1018098758	993567467
303	5.6560177	1.3021828	0.78530953	176.66615	1.9804417	1.5728659	0.2707035	-0.060058563	1006460162.6915	1006460162	706528068
307	0.14458171	-0.56041997	0.754721	303.02506	1.9076749	1.6439673	-0.11368209	0.15386307	1028335322.315329	1028335322	296566963
345	4.630322	-0.66546776	1.1815231	94.301663	1.6282926	1.6212021	0.075668913	0.12047067	1021165267.996704	1021165267	986041784
351	4.1477615	-1.2366053	1.637941	248.49674	2.1026083	1.5681136	-0.056483404	0.049974818	1001151612.388829	1001151612	371020794
355	4.4693603	0.0060227824	0.36704139	202.03972	1.5843809	1.4244318	0.18927654	-0.090622781	1022926317.589253	1022926317	600434065
377	4.4465907	-0.52462484	2.1040702	190.68354	1.8606256	1.4156025	-0.0504004	-0.081965789	1003666963.325562	1003666963	306642175
389	0.99306268	0.41354738	2.9388185	243.13645	2.015147	1.7036839	0.19490606	-0.14173002	1005275718.529561	1005275718	544019580
400	1.7323155	1.0728166	3.054899	431.62684	2.0820212	2.052342	0.10798344	0.10094105	1017697690.732591	1017697690	749911070
405	4.2724915	-0.017139	2.6923134	383.74666	2.5524328	1.8953611	0.042788597	0.16971825	1027474022.044869	1027474022	59976578
432	5.4538014	-0.30145734	2.721945	137.42789	1.9553038	1.598768	0.046137355	-0.16938842	1007673342.860759	1007673342	872622013
450	2.0915601	-0.89701621	2.199447	155.25853	1.7614147	1.6404046	0.028147745	-0.15283329	1001240094.694215	1001240094	688684344
456	0.5546788	-0.48953438	2.3696974	132.68662	1.7374422	1.3045142	0.0041980532	0.079679151	1030929201.255943	1030929201	239812613
459	4.6751256	-0.40271448	0.50498561	176.20215	1.8491477	1.7753543	-0.028964498	-0.27243936	1000138525.025879	1000138525	12869239
489	4.4001293	-0.38535585	0.88241491	260.46101	2.1352389	1.6083205	0.11828332	0.10776499	1030461641.980729	1030461641	964086294
495	2.633147	0.12413204	2.5605413	72.52063	1.8246917	1.684224	-0.036481091	-0.17398742	1016801833.12033	1016801833	109465599
513	4.0460273	-0.26323312	2.8238311	265.95935	2.4079287	2.065	-0.017078719	0.024245777	1028619881.193603	1028619881	183913112
556	3.6291712	0.83921097	0.81131886	166.41611	2.0474886	1.8504444	0.29355336	0.063688845	1012221770.652879	1012221770	673201919
566	0.81032889	0.1318375	0.3971431	382.2934	2.3789954	2.2470437	0.14204418	-0.046473611	1018418134.077616	1018418134	66051126
572	2.6894911	0.64489384	2.4759768	214.66787	2.5766225	1.8802561	0.1225053	-0.26032008	1001619359.824951	1001619359	843978643
573	1.0336457	0.57272927	0.94861214	260.56681	2.5586422	2.2491581	0.1721614	-0.12216629	1023705945.196561	1023705945	202051163
579	1.2790212	0.62251984	0.92001559	182.0584	1.4821264	1.4106323	0.076337675	0.01233029	1017014103.188749	1017014103	209239721
583	0.57647477	0.97924433	0.93557624	187.28647	1.572348	1.3129117	-0.27479791	-0.013484946	1016059517.849017	1016059517	868167639
586	4.7685348	-1.0641022	2.4175315	233.07082	1.8058418	1.7939855	0.13427727	0.14779776	1001308160.951988	1001308160	942767382
607	6.002164	1.1587567	2.9590777	225.77487	2.1886457	1.3641882	0.026611629	-0.37733561	1009211025.329169	1009211025	339513540
608	5.4467005	-0.075694838	0.47992033	541.25691	2.0764647	2.0147871	-0.26946672	0.059200065	1001429728.794149	1001429728	777441978
616	3.9089746	-0.66672438	0.77339487	280.52702	1.775885	1.2870527	0.16567165	-0.094401831	1003056426.81665	1003056426	801715136
628	6.1793294	-1.0586067	1.6060316	158.95027	2.4462075	1.4069027	0.10008383	0.052032248	1026164920.060547	1026164920	41271806
641	1.945415	-0.22953921	1.071389	154.46866	1.5404923	1.2508271	0.10990396	-0.0070132092	1015027185.660748	1015027185	668955922
666	4.2005184	0.74689065	2.7490041	331.92479	2.4707559	1.6871455	0.058156359	-0.077223959	1018519728.500136	1018519728	520356059
667	4.6103201	-0.72769659	2.986707	105.44997	2.1172741	1.3449547	0.13615983	0.18649239	1027498489.84962	1027498489	846757889
672	2.1539093	0.46768821	2.6642966	271.02055	1.7917279	1.6893358	0.085326927	0.1055895	1003472637.972543	1003472637	975765705
674	1.9395558	0.21499679	0.35565294	828.40766	2.8501212	1.8399985	0.021020075	0.20504273	1011415102.056068	1011415102	74003935
686	6.0604071	-0.47755148	0.2346249	314.45856	1.8172167	1.7684457	0.0009363946	0.15792696	1013234487.319946	1013234487	304788589
689	2.1872728	0.64439642	2.3635282	270.94261	1.6639686	1.4741776	0.045166061	-0.26277196	1026762868.521118	1026762868	542015314
701	2.2299417	0.66770611	0.65318393	464.68236	2.5479334	1.3779478	0.22379784	-0.11050262	1017194552.346009	1017194552	366257787
718	4.4922154	-0.030404009	0.31188722	384.18731	2.1356376	2.04481	-0.16730896	0.019378521	1030665400.71627	1030665400	731641769
725	5.3197008	0.44987752	1.3553502	148.25284	2.3993904	1.8645662	0.0663189	-0.089892777	1025428017.150513	1025428017	170235872
748	2.7528749	0.22949971	0.80241344	458.07706	2.8066868	1.909754	0.21870034	0.044507381	1028909410.268436	1028909410	273586988
767	3.7892828	0.79142853	2.0095681	568.69015	2.1983039	1.5168323	-0.042964983	0.21509245	1016015776.796532	1016015776	816635847
775	4.1521491	0.78223604	2.5512574	407.38584	2.7100275	1.8151372	-0.18127393	-0.24788615	1017411864.919665	1017411864	935262442
781	4.6767594	-0.55385234	2.2643729	165.43395	1.3361079	1.3215358	-0.026658968	0.039451194	1028053246.016479	1028053246	321388
782	1.0604796	-0.73797748	0.52439052	430.74802	1.832567	1.524651	-0.24306023	0.019187084	1001030826.342308	1001030826	322240353
790	5.7863903	0.85619391	2.0043294	242.48207	2.5510334	1.8960097	0.017934765	0.037752775	1025523646.062387	1025523646	81713200
817	0.22449393	-1.0617218	1.7159071	151.9588	1.8224966	1.7276702	0.089548815	0.11654343	1030145907.824399	1030145907	805175662
833	5.0307377	0.2230838	2.6239343	140.6041	2.6884676	1.7664393	-0.12964514	-0.1413006	1000491950.012451	1000491950	10335565
841	3.3970638	-1.1646312	0.70779116	601.49661	3.1226908	2.6583707	-0.1890382	-0.020045107	1022420132.727036	1022420132	709604383
846	1.5994318	-1.4123761	1.31975	119.18248	2.5397857	2.2538771	0.058162317	-0.019328683	1027263266.211304	1027263266	197885990
891	0.83288314	0.46881203	0.89334737	290.1779	1.7323744	1.6470639	-0.012690596	0.068559775	1027680463.230745	1027680463	246533394
900	5.065992	0.1265409	2.3061831	152.44835	1.9798066	1.9221952	0.1933166	-0.16501534	1030381348.884187	1030381348	870916843
908	5.7062019	1.1148787	0.41496866	539.31069	2.9443424	1.3471191	-0.15940783	0.091776246	1005265025.75844	1005265025	776481986
929	3.758324	1.1568703	2.7428007	317.34816	1.8732167	1.6733543	0.021010731	0.35129116	1003698543.961706	1003698543	979425669
940	0.77556934	-0.31091208	2.7428101	187.78851	1.8471484	1.6709725	0.094035461	-0.13247444	1011891115.065918	1011891115	50224662
965	0.58040416	0.66729765	1.0341158	101.06073	2.6977477	1.6149579	-0.71745171	-0.13792754	1000375814.245708	1000375814	266087890
968	2.7286697	-0.97552121	0.41201036	555.71641	1.6912056	1.6304317	0.061259754	-0.043949116	1008621983.215485	1008621983	197147369
978	3.5179004	-0.86875363	1.3592922	102.57748	2.0384265	1.9633142	-0.021833092	0.06383039	1019966514.499092	1019966514	498784065
999	1.2644251	-0.42840623	1.2632257	140.60587	1.578269	1.2186665	-0.27078904	0.068578426	1014736307.977173	1014736307	958240986
1010	4.4500924	-0.04560966	2.4702528	148.88658	1.981915	1.3728358	0.014518936	-0.055068166	1016715276.676283	1016715276	690958381
1018	0.90988734	0.49588566	0.53688078	349.54032	2.5102436	2.5078192	-0.077058311	-0.024515441	1016475726.188974	1016475726	202579975
1021	0.99848835	-0.11539904	2.6879434	158.12545	2.1717148	1.57953	0.046027209	0.11097388	1007879141.243159	1007879141	256785393
1029	5.1658515	-0.24562761	2.5947727	360.56273	1.8089837	1.5968747	-0.11623559	-0.13125578	1019270788.729104	1019270788	713151217
1031	4.8171439	-0.37674425	1.9002952	209.82694	1.7063083	1.5443712	0.21977274	-0.11881715	1001762136.843518	1001762136	823852539
1038	6.0834856	0.95313662	2.3782441	162.60963	1.7135896	1.5296616	0.047015109	-0.02561166	1022625868.960815	1022625868	959961653
1042	4.376446	-0.62188858	0.65351432	174.11338	1.9188639	1.4159413	0.013926003	-0.13014172	1023048386.76982	1023048386	750185728
1045	3.807421	0.46045812	0.60916471	324.66531	2.4660877	1.9700719	-0.18405539	0.078384914	1023164198.333252	1023164198	354133248
1049	3.3011302	0.28963618	2.3779097	494.68815	2.7843545	2.5640908	-0.29086227	-0.054428257	1004201347.478215	1004201347	497615695
1082	3.2754892	-0.34669199	2.4275796	262.78325	1.8807566	1.589026	-0.17840755	0.15605511	1024844747.447068	1024844747	429941058
1084	4.0396711	0.38596362	2.5912285	294.4741	1.7881965	1.7231846	0.060878912	0.036235146	1009590566.399681	1009590566	389808297
1099	5.8080962	1.528154	1.7472364	206.95378	2.0707529	2.0374736	0.01280482	-0.022496801	1014581051.757241	1014581051	771128654
1126	5.8859188	0.80906193	0.56578982	578.38912	2.5607044	2.3183761	-0.053353611	-0.10880719	1025174318.905063	1025174318	925518751
1127	3.5805459	0.99729466	2.4920764	284.81884	1.9868699	1.5605621	0.17013226	-0.27958504	1030854176.815595	1030854176	825765848
1134	2.0467384	-1.0602213	0.33669991	660.11955	2.9009676	2.4902431	-0.53414272	0.0039150345	1013876837.079834	1013876837	59569955
1147	3.1177307	-0.57685072	2.5878992	244.1304	1.6125702	1.2288819	0.1695742	-0.18591934	1014224936.771973	1014224936	754084229
1160	0.4658856	0.90724728	2.3914575	140.26957	1.7463411	1.1812831	-0.18561268	-0.12404349	1031209130.98645	1031209131	4055262
1166	0.64420024	-1.5244386	2.9758532	329.45803	1.7175231	1.451622	-0.26051878	-0.22443531	1018567761.648762	1018567761	635258198
1172	1.8025028	-0.89318923	2.9398608	355.46211	2.2197481	1.316864	0.26509434	-0.18306632	1000945279.504028	1000945279	484087586
1191	4.9440559	0.4746064	0.22828399	495.21737	2.5194573	1.853297	-0.074059155	0.022221366	1020237069.877232	1020237069	891788244
1229	5.61631	-1.192346	0.82060627	179.90127	2.2081742	1.6054493	0.025695644	0.00086777002	1007819152.696899	1007819152	683076978
1258	5.6366846	0.042518473	1.000613	302.72024	1.9720457	1.4500876	-0.1720013	0.0047095327	1010268023.057996	1010268023	73593736
1259	4.1503919	-0.26986597	2.7430002	295.15077	2.0773313	1.609574	-0.016760993	0.25137504	1017354723.760498	1017354723	740908742
1262	3.8486287	0.85470702	0.71674289	152.49984	2.5734003	1.2612884	-0.14758266	0.1083829	1026603215.790967	1026603215	809580922
1279	5.0245689	0.41500095	2.3264252	402.80516	2.4295818	1.8311827	-0.023255217	0.0062446288	1018003438.533651	1018003438	552289844
1324	1.3761451	0.85463459	0.53580575	269.53986	1.8476413	1.8341546	-0.0036700234	-0.082432258	1009281076.519975	1009281076	530851722
1346	4.3284344	0.89201628	2.2505998	176.77253	1.4786703	1.364083	-0.023344592	0.093553705	1022648931.381104	1022648931	400682330
1348	4.2661523	-0.53926795	2.4802936	148.2538	2.5482303	1.4783163	0.0040248176	0.045794477	1019719456.508856	1019719456	515100598
1352	5.0321666	0.4328882	2.4528294	528.0916	2.2563619	1.6591684	0.16544523	-0.026065335	1018357281.004285	1018357281	24063230
1408	2.8051296	-0.50559892	2.8109542	315.75419	1.627123	1.5634205	-0.27235438	0.052722045	1018082900.253299	1018082900	252877235
1444	0.92100623	0.75430823	2.60021	308.05933	1.8835619	1.4044136	0.040235828	-0.31505387	1030521173.591109	1030521173	606016159
1453	5.9653052	0.25637529	2.5011663	496.8223	2.9365497	2.309572	-0.3656796	0.08946706	1020173328.052922	1020173328	71137309
1471	1.8455855	-0.028277058	0.81085298	233.5043	2.4195232	2.0145871	-0.0086782594	0.013024542	1019644380.575464	1019644380	558511138
1489	4.4044507	-1.2438625	2.5430356	289.8475	1.7004313	1.5520723	0.039667519	-0.017065368	1023754555.492286	1023754555	479716897
1496	1.4294651	0.25793589	2.053627	224.42985	2.0532572	1.9641573	-0.015001137	-0.12127248	1003475146.143766	1003475146	159729958
1500	1.0310745	0.63986894	1.3920111	158.61015	2.091809	1.9371934	0.32915118	-0.20887301	1007743456.56476	1007743456	560608149
1515	3.2863088	-0.34478848	1.5442047	78.934072	1.3809829	1.2618378	-0.14206212	0.2147158	1020882794.59082	1020882794	572760820
1520	6.1292682	-0.90328058	0.72783913	252.84243	2.1695517	1.9498088	-0.14190334	-0.19709352	1012482924.672354	1012482924	656061292
1530	5.1968776	-0.22540764	0.24563981	657.31378	3.0415803	2.877362	0.21755509	0.83797546	1020336029.291911	1020336029	304441333
1540	0.75930473	0.35246945	1.5660027	263.98298	1.9620178	1.847244	-0.027634843	-0.32394468	1012263781.411806	1012263781	432099700
1566	1.7447704	-0.41843567	0.30795067	282.39137	1.7236362	1.7174342	-0.2738809	-0.087096289	1016387123.79112	1016387123	777667284
1568	5.4041327	-0.86218028	0.52020889	125.77002	1.8505834	1.3223564	0.07498127	-0.045034862	1010823682.013049	1010823681	992724776
1579	0.39208632	-0.99398191	2.495617	457.82313	1.5331252	1.3711739	-0.19647035	0.075728429	1011963687.067288	1011963687	47577739
1596	4.0660346	0.10069731	2.8577433	227.90536	2.520081	1.4897199	0.078409432	-0.28570459	1016827500.831421	1016827500	815238595
1604	5.3228234	0.67139464	2.7021918	613.28749	2.9387738	2.4366797	0.38877319	-0.027367717	1004908192.621837	1004908192	639475942
1608	6.0821678	-0.1375673	2.3895377	126.86575	2.1788635	1.8732531	0.023494761	-0.0071173864	1029328076.087036	1029328076	95200419
1612	0.20268209	-0.88420376	2.3968648	449.14741	1.9573058	1.8835683	0.19603773	-0.13063992	1023503489.423628	1023503489	403301120
1658	3.0420788	0.29835246	0.1433039	381.95924	2.7655942	1.9432535	-0.40288008	-0.21110645	1005895037.522131	1005895037	521417618
1659	4.3328473	-0.53621259	0.47016833	673.63316	2.7874158	2.2818497	-0.054946239	-5.772426e-05	1007610295.057927	1007610295	38465381
1665	2.1407466	1.4010827	2.3197823	272.4127	2.1229273	2.0519112	0.010167434	-0.087480472	1011075066.462524	1011075066	479844213
1667	0.90343163	-1.0784388	2.0266412	298.83432	1.8350377	1.8147405	0.014876169	0.0079120077	1024887561.675712	1024887561	656779885
1684	4.9531116	-0.10480623	2.1512407	272.6426	2.793897	1.7497346	0.49686373	0.11896728	1017887068.447495	1017887068	431746244
1688	5.7820782	-1.2872446	2.4579535	397.05338	2.3156292	1.8750768	-0.0072063906	0.091516857	1029537730.772949	1029537730	755284548
1721	3.8158105	0.067201117	2.900882	397.77408	1.5639156	1.5124528	-0.013593935	-0.14064702	1010164607.467927	1010164607	480359435
1728	1.4001808	0.6716376	2.0817718	284.93459	2.6579568	2.0730498	0.02793165	0.0031807232	1030635137.701317	1030635137	720194340
1743	1.7329899	-0.87362157	0.8543684	208.7795	1.4766028	1.1835051	0.14372184	-0.24885024	1028246962.683831	1028246962	669765711
1762	5.3483157	0.021728665	2.5367324	214.3531	1.9027589	1.4287941	-0.034934893	-0.057369231	1001915379.610564	1001915379	620558977
1774	2.3139156	-0.42454032	2.4823763	411.9753	2.7346115	1.5662873	0.040206636	0.034486507	1016293696.430853	1016293696	410470366
1785	5.0200071	-0.73069027	2.3464154	156.57729	2.5774728	2.12537	0.24632093	-0.068188471	1010410038.671631	1010410038	660855412
1786	6.2174784	0.68551425	0.077317561	645.76642	2.7378214	2.3832294	0.21491209	-0.073115814	1008629289.498657	1008629289	518981576
1825	5.6218918	-0.72773425	0.30783918	652.55591	2.693076	2.0765027	-0.061723745	-0.011609183	1018913284.251074	1018913284	233483434
1826	0.72449459	-1.1197404	2.4745977	376.74445	2.8565305	2.2670304	-0.26468513	0.037445152	1012563795.03125	1012563795	11807919
1831	0.94175251	-1.0776055	2.5909721	501.784	2.0817969	1.7429445	-0.065332901	0.18641019	1030575518.81077	1030575518	791857481
1833	4.8453858	0.8303618	0.50073082	421.5467	2.764638	2.7490759	0.19868454	0.033719328	1006123482.325928	1006123482	347047448
1866	5.6781295	-0.61783497	2.432043	119.74182	1.7665215	1.2308062	0.034754618	-0.039870652	1001593304.739258	1001593304	726042509
1877	1.1479004	0.20274052	0.46611601	406.80968	1.9606673	1.564114	-0.29928463	0.16660872	1020544685.243876	1020544685	262354612
1887	4.0865299	-0.18593273	2.3730825	263.4203	2.8457448	1.2584963	-0.82506805	-0.22882796	1026847692.873635	1026847692	864836454
1899	4.296858	1.0455879	1.3084733	273.74341	2.0107051	1.3243601	0.30014107	0.04936329	1009122933.831734	1009122933	850725651
1900	0.3603589	0.23690539	2.2797495	59.246329	2.4102906	2.2780139	-0.039522979	-0.093243413	1001371124.057617	1001371124	48694849
1906	4.5585745	0.072845463	0.54674102	346.9797	1.7009956	1.6347924	-0.023408236	-0.0030970927	1023086873.325483	1023086873	342409253
1907	4.226712	-0.10512352	0.89222305	115.10152	1.2558445	1.166308	0.051700429	0.053937374	1016632635.506947	1016632635	516769171
1919	1.7200887	0.42122924	2.6445701	421.69804	1.5578761	1.4003964	-0.0524553	-0.10359817	1024432654.428712	1024432654	448005199
1931	2.110974	-0.3606824	0.65702184	264.70659	2.0389948	1.9374482	0.28455732	0.12245748	1013513632.603581	1013513632	597996712
1937	3.4999306	-0.58717061	2.4863021	273.50594	1.9621134	1.3561506	-0.038746736	0.043973454	1007869612.008423	1007869611	987598300
1951	1.999405	-1.1511067	0.67521684	355.11877	1.5569989	1.2208347	0.069878291	0.00090372896	1027913518.606167	1027913518	589025140
1960	5.0979256	0.68267848	0.50936063	241.58423	1.6678538	1.4360591	0.25192976	0.065883492	1028624822.891113	1028624822	908997416
1970	4.1110091	0.28205368	2.984701	323.40102	2.0021737	1.5326623	0.052805264	-0.010269924	1020834847.208238	1020834847	226077914
2000	2.0872232	0.071357949	2.8794485	345.42491	1.5365324	1.514834	0.021840234	0.0037078686	1023742075.47239	1023742075	489475250
2005	1.1213028	-0.87968434	2.7309938	251.48433	2.8770559	2.7203815	0.16980401	0.060096369	1020582586.449707	1020582586	429774284
2025	3.9801213	-0.99151438	2.1973362	145.6053	1.5326857	1.359185	0.11279505	0.074982242	1009840082.392334	1009840082	376423359
2036	5.5327467	0.090660944	2.8739402	419.23168	1.981891	1.5116862	0.049282454	-0.14310654	1021475291.100674	1021475291	113451362
2052	6.0483553	0.46803034	2.8553769	373.67793	2.8408878	1.5726631	-0.57665503	-0.035796171	1006746258.163696	1006746258	182980537
2054	5.8873758	0.76013408	1.1296629	114.28063	1.3672284	1.3489129	0.031883305	0.2424112	1015965122.773804	1015965122	788879514
2064	0.39731516	0.32092738	1.353421	242.58543	2.7135008	2.2571052	0.062480165	-0.06937547	1011748556.674904	1011748556	693442702
2066	0.11159166	1.0737754	0.85038233	377.59634	2.7654627	2.1375358	-0.30576995	0.0060670519	1004337959.926613	1004337959	944921970
2067	4.7559345	0.093280147	0.098542035	502.12978	2.0398752	1.5386612	-0.10268937	0.21030457	1022838834.491296	1022838834	507506609
2072	3.1523261	0.33925665	1.9890369	263.47668	2.5316062	2.3460851	0.295917	0.14957896	1025090404.024845	1025090404	13753176
2112	0.12277808	1.1522171	2.2824307	326.46695	2.0067422	1.8036195	0.060757292	0.10585525	1009701040.680925	1009701040	689947128
2119	3.8925258	0.57274759	0.73167692	582.85963	2.5811949	2.0558397	-0.044110287	0.016519079	1011443021.265672	1011443021	285257459
2172	5.2875358	0.091639686	2.6791434	321.67175	2.12307	1.3151709	0.0053082187	-0.073799828	1029000934.190579	1029000934	175636768
2174	5.9953196	1.1477781	1.8667036	178.71395	2.0167758	1.244706	-0.18946094	-0.094066897	1020590822.133545	1020590822	146960139
2177	4.7658221	0.90961017	0.86144146	122.75664	2.0294289	1.7612074	0.1186915	-0.064064009	1014968910.590768	1014968910	599863052
2180	3.2630706	0.53286011	2.0315102	136.06116	1.8218517	1.6287786	0.084127813	-0.016360627	1003507251.890015	1003507251	908306599
2186	6.1378655	-0.66689946	0.90147045	449.71578	2.4868188	1.6627806	0.10968149	-0.074055377	1000581154.734155	1000581154	713124275
2194	1.7061291	0.16231165	0.8685675	292.40518	2.7356948	2.3236883	0.15636934	0.1129426	1018948666.751677	1018948666	738969088
2195	1.3637744	-0.39944072	0.29070263	323.23054	2.4223749	1.5686542	0.081902147	0.003166871	1018434246.63532	1018434246	615546107
2197	3.1259537	-0.72964632	2.4426045	235.02418	2.1724749	1.9447661	0.0048863817	-0.0017633292	1014916515.202421	1014916515	184146047
2219	0.80982434	0.12011835	0.49566862	221.49985	2.7151596	2.0762205	-0.069133062	0.086178005	1023502405.559082	1023502405	551900744
2230	4.6558113	-1.2092029	1.0179439	277.37463	1.6200274	1.2699594	0.13248484	0.042094949	1027703378.092645	1027703378	74190378
2240	5.4868468	-0.42776283	2.9022198	412.20174	2.257405	1.7256296	0.12345135	0.20959849	1029956477.503076	1029956477	483805537
2250	0.5517389	-0.31945383	2.3674391	477.67451	2.6019969	2.6014146	-0.044465829	-0.061816886	1002818101.161887	1002818101	146246552
2288	3.4732477	1.2902223	1.8070199	104.41525	1.7744174	1.1595636	-0.11544075	-0.14219114	1019794388.235107	1019794388	250596046
2298	2.2597025	-0.44226242	1.9317498	107.10245	1.6556344	1.4609473	0.015518792	-0.2604963	1028126765.964174	1028126765	967607975
2305	5.259609	0.84438703	0.52681903	287.83729	1.6255339	1.6105072	-0.048792696	-0.22203864	1004832207.572632	1004832207	592290044
2325	5.140268	-0.42019075	2.5171237	446.63114	2.1397353	1.7945538	-0.029541475	0.008982504	1016075733.427904	1016075733	407940865
2337	4.5819882	0.53843197	0.19405926	188.08814	2.3895304	2.287673	-0.16627677	0.0059206303	1009225489.733861	1009225489	751856804
2374	1.521299	-0.3419864	2.1941861	164.70877	2.6795883	1.831855	-0.018859847	-0.068930868	1000506254.717285	1000506254	703744888
2395	5.2391451	-1.3762359	0.52012663	345.83534	2.3354756	1.8069709	0.15869506	-0.033601542	1002362344.045801	1002362344	31223536
2425	0.38040081	-0.89353286	2.4545684	402.76965	2.815266	2.4040909	-0.40468296	-0.10958981	1013421226.126616	1013421226	106496453
2435	2.4492133	-0.74253561	2.8678688	193.33168	1.5333959	1.4500324	0.15735883	0.098693208	1009249774.214496	1009249774	201434851
2476	4.5847667	-0.3348203	0.54151236	677.02566	2.0171056	1.5370378	-0.069278619	0.10115926	1015626210.672919	1015626210	656225562
2479	3.3659356	-0.51532543	2.9140695	408.69911	1.7633937	1.553453	-0.013926502	-0.36878488	1009664788.686646	1009664788	666729808
2481	4.6369339	-0.68720388	2.3804259	314.71795	2.1755762	1.7287961	0.086696769	-0.038937418	1025642320.188463	1025642320	170906067
2498	4.3140167	0.54304834	0.96083533	306.78052	1.9262023	1.5464101	0.10753236	0.019529268	1020852656.916626	1020852656	936636448
2503	1.7216019	-1.0887058	1.1778074	104.88459	2.0783564	1.9030094	0.058756868	-0.30090768	1018091341.522467	1018091341	503747702
2504	1.9452875	0.79773721	0.92811706	285.70935	1.6075346	1.4089656	0.13208499	0.14660631	1011848022.37653	1011848022	396939635
2517	5.1345303	0.28801032	2.844414	108.67934	1.6731113	1.3351634	-0.15522287	-0.082355386	1005975775.929002	1005975775	927525163
2523	3.108803	-0.27194577	0.28694057	89.634366	1.6742459	1.3411302	0.2147335	-0.024796807	1029096331.047689	1029096331	59911728
2524	0.22617272	-0.47506487	0.33851533	279.97864	2.5752184	1.7513709	-0.0035309159	0.16399516	1027222890.187348	1027222890	173633695
2540	3.3864537	-0.49771376	2.450581	372.53291	2.406839	2.3172565	-0.33346775	0.099281979	1006287954.495979	1006287954	493686199
2576	4.2644342	1.194071	0.94135031	207.51994	2.7450196	1.3638587	0.063434204	-0.085221254	1007423255.099121	1007423255	115411282
2579	4.4986764	-1.0076797	0.6487214	256.02019	2.7313526	2.4576189	0.1722885	0.36762147	1018295865.661987	1018295865	644723773
2628	3.133087	-1.169251	2.7747349	327.40485	1.7272811	1.5694569	-0.26257154	-0.10581114	1013015576.408352	1013015576	393659353
2637	4.2977307	0.88675022	1.816353	149.66415	2.1044516	1.7110249	-0.015161685	0.1062172	1000277365.957977	1000277365	966259956
2642	4.7581988	0.51011108	2.5671644	295.91326	2.5707578	1.9256806	0.29237501	-0.076223838	1006033488.558105	1006033488	578234673
2644	2.6667663	-0.1647957	0.86666836	422.51884	3.0007275	2.6281786	0.055264908	-0.0079338481	1026383254.74562	1026383254	728349447
2655	4.9830636	-1.1322356	2.1048215	225.52853	1.9214594	1.7713906	0.0049147488	0.10781854	1005649653.867504	1005649653	848550439
2690	3.0210491	0.11696089	1.829708	106.02254	1.9234953	1.2137408	-0.016386976	0.075334752	1008568388.136142	1008568388	134535432
2697	0.46563402	-0.74231419	2.4581028	134.42104	1.428214	1.423929	0.085989048	0.14375341	1000701593.802053	1000701593	799992561
2705	1.3446667	-0.80361723	2.1419118	246.64621	2.5425764	1.2269387	0.25885548	-0.0031664468	1000704537.736187	1000704537	719300747
2706	4.4500804	0.7895246	1.5236814	374.10372	2.8080025	2.5495477	0.66215348	0.026238561	1005855353.420063	1005855353	440450788
2717	4.753324	-1.038312	2.4205579	172.71493	2.4710397	1.5227113	0.15613323	-0.15076368	1022776519.883545	1022776519	867766619
2721	4.9635336	0.51398966	0.99324305	100.47815	2.0795174	1.544817	-0.02315299	-0.3416405	1027495511.710499	1027495511	728949189
2725	5.8727221	0.41425323	1.182494	104.41966	1.7803215	1.72229	0.07430634	0.11444213	1018867635.523317	1018867635	534950972
2726	3.2617651	-0.75696282	1.9272882	226.61857	1.4456432	1.3377657	0.22203046	-0.055500369	1011133187.195804	1011133187	175646305
2735	2.8860116	-0.95921813	0.57186498	146.68932	1.443843	1.2857748	-0.017105349	0.29470939	1010514521.734741	1010514521	719213843
2748	5.8800753	-0.43799511	0.51338033	304.50017	1.9855387	1.6761244	-0.018064685	-0.24328538	1023053853.806513	1023053853	789684772
2773	2.7374734	0.65363009	0.63880325	341.51371	2.0756927	1.644452	-0.19873401	-0.10358236	1019021838.382721	1019021838	401077628
2790	6.0005315	-0.26479146	0.93860694	241.93577	1.9478676	1.690999	-0.21065506	0.1928213	1021669267.119967	1021669267	110021830
2792	1.6181569	0.45173565	2.3026392	136.41946	2.6412653	2.0556014	-0.02888618	-0.12903151	1023141810.885742	1023141810	905129790
2795	5.7629725	1.1090549	1.8385132	327.27831	2.3448576	1.5021111	0.025044886	0.11022804	1013525961.183698	1013525961	198675752
2800	6.0215215	0.59982914	0.70039051	505.00495	2.5203831	2.0797575	0.003878431	-0.1637035	1000610113.532189	1000610113	550191879
2819	2.6180209	-0.77113084	0.87746506	216.58593	2.4858519	1.8000186	0.13132691	0.14410052	1008431821.398884	1008431821	393639088
2842	0.50167923	-0.047361094	2.2877503	238.64742	2.0998047	2.0821639	-0.0065643607	0.1502464	1030015231.563232	1030015231	579219460
2853	6.1405432	0.10626306	2.7112264	132.92623	1.850337	1.546536	0.061778647	-0.053421668	1004159666.746402	1004159666	762424350
2877	4.5708733	0.98661396	0.56975152	237.37127	2.5760885	1.4229202	-0.10558052	0.015581813	1018371267.561523	1018371267	576478362
2884	3.5585942	1.4054017	0.24468464	238.53243	1.4288332	1.422328	0.024593115	-0.013434221	1010531128.291443	1010531128	301362872
2917	3.6563494	0.78905431	2.5063055	371.37109	1.6996999	1.6677339	-0.15995571	-0.15527008	1022828687.861938	1022828687	881783485
2919	1.0045023	-0.24854718	0.69962187	354.85852	1.7409807	1.5501845	-0.044116541	0.071019224	1027770370.092058	1027770370	102214932
2936	3.3004701	-0.51702545	0.81236856	83.403538	2.3117316	1.8013284	-0.0015781189	0.18582767	1002592921.421753	1002592921	405635953
2942	3.8374593	0.84740933	2.4454035	226.2888	2.2090194	1.2454556	-0.15062058	-0.063916234	1005482757.159424	1005482757	173118114
2946	0.8471614	0.016836239	1.4195833	67.107575	2.1025805	2.0532709	-0.062806174	0.0048196868	1004326866.46228	1004326866	476065755
2949	0.12028456	-0.25230182	0.74000548	329.99082	2.690247	1.7872836	-0.019974484	0.011148192	1003510232.759852	1003510232	741233349
2951	3.2096624	0.75696734	2.818669	713.98021	2.9129211	2.3066631	-0.085023798	-0.10003084	1003089764.87031	1003089764	889384985
2961	3.2203335	1.1816222	0.15246465	225.95549	1.8794191	1.4422531	0.17939918	0.0034799403	1018612744.734547	1018612744	747240424
2965	2.5510566	-0.37183119	0.60890132	155.54069	3.0860533	1.627937	-0.034233438	0.12105705	1006594719.599803	1006594719	608128667
2976	5.9698746	0.52042812	2.278338	525.92359	2.7531656	2.4537454	-0.017060717	-0.096233655	1010792001.612447	1010792001	631891012
2979	3.229972	-0.54111362	0.3948827	333.47573	1.7070888	1.3169114	-0.012844963	-0.034846803	1018017742.507874	1018017742	491919756
2981	5.6793715	-1.0937095	0.42560323	300.36385	1.481316	1.4057025	-0.023730104	-0.003116345	1017295767.803223	1017295767	782884240
2984	6.1599071	-0.63943822	0.33550838	396.57541	1.7235037	1.5305576	-0.0054223907	-0.01058722	1018576714.703461	1018576714	686302423
2991	4.2998818	0.40020055	0.49319508	760.95072	2.8197747	2.3459317	-0.14053362	0.0012626914	1002833698.561014	1002833698	579243183
2992	4.6888494	-1.1862241	1.8828389	174.65337	1.3010355	1.1989521	0.34099562	-0.24009012	1029341819.037455	1029341819	19381404
3007	4.3951618	0.12628948	2.5350011	206.76199	2.2079115	2.0042033	0.049339751	0.12980996	1006502736.258179	1006502736	245576024
3026	4.1975356	-0.25226527	2.6771664	297.81449	2.2730105	1.8185374	-0.077975273	0.057860416	1000338022.503485	1000338022	515612245
3033	2.9173982	-0.40417085	3.1103022	586.63263	1.8312608	1.8190949	-0.043489067	-0.075987074	1018705039.813993	1018705039	796387911
3046	0.16871451	0.45081007	1.9120578	119.13736	1.8966111	1.3830181	-0.12116547	0.0043952868	1009115612.231292	1009115612	221965551
3048	3.7317402	0.49333243	2.0732924	148.70293	1.6805654	1.585994	0.23775523	0.085816267	1006909627.555924	1006909627	551901579
3052	0.90774744	-0.093933857	0.89213624	131.99874	2.6555306	2.4809528	-0.089513885	0.075335247	1006492537.423653	1006492537	438350320
3055	5.5272626	-0.94533089	0.51153143	604.56004	2.6335014	2.3100208	-0.14724811	0.040917693	1017721115.474671	1017721115	455113292
3070	1.9315632	-0.46626489	1.632007	79.365419	2.6079244	1.5287589	0.24123653	-0.13579364	1015666059.860592	1015666059	851081729
3076	4.4676419	0.74155163	0.54204222	300.26359	1.8137968	1.4922798	0.0032195671	0.014392341	1002323138.1521	1002323138	172991395
3091	2.3654991	0.1062174	2.1287841	161.6555	2.1862345	1.5021881	-0.11071771	-0.046343811	1018878783.163821	1018878783	148785472
3097	4.4529192	0.57937195	1.9587894	301.71484	2.0337194	1.3678709	0.11750113	0.010012347	1011197092.100082	1011197092	120729685
3098	1.4464351	-0.92270286	2.6111923	320.6756	2.6429893	2.1267076	-0.079178887	0.10496636	1021612096.626709	1021612096	609347343
3113	2.4990223	-1.4092069	0.95609435	144.90387	2.4665376	1.8329264	0.034239053	0.014698028	1003100642.813477	1003100642	800658345
3124	3.4954209	0.093729958	0.98748916	56.419432	2.3935206	2.2228304	-0.0084735566	0.10442793	1029120911.460693	1029120911	465650082
3135	2.1137093	0.58579413	2.4202324	264.17599	2.1456083	1.9966819	-0.034339119	0.010696655	1028571109.510986	1028571109	531352401
3161	4.9408212	0.93126992	0.63122757	347.98102	2.4460625	2.2399293	-0.043594693	0.20508722	1027046791.46684	1027046791	484150529
3182	3.2202545	0.50980015	0.87716153	223.38103	1.3586887	1.2333148	0.051162554	0.17080018	1012507502.414538	1012507502	408580065
3186	3.0525567	1.0034372	0.49296806	202.72757	2.1136012	1.6074934	-0.026962782	0.017853355	1026238562.745972	1026238562	759322405
3203	2.6929584	0.25531267	2.6046626	287.51467	1.4963568	1.4416427	-0.30671003	-0.030413118	1018919466.09947	1018919466	117881775
3230	1.9741789	0.35921076	2.2285184	192.03417	2.1524426	1.3982879	-0.083596653	0.087907792	1027273863.272339	1027273863	293220520
3241	2.8028958	1.2497319	2.6654446	428.33685	2.5809566	2.5797934	0.3658416	0.00029982862	1013689950.568135	1013689950	581136703
3244	3.3905993	0.68507224	2.6231829	422.35639	1.6851825	1.6168722	0.033351756	0.17878781	1002304415.995483	1002304416	15633345
3246	5.0261576	-0.29184037	0.46359758	395.3231	2.7859885	1.4427989	-0.21178862	0.025258994	1014432746.557983	1014432746	540700078
3267	6.0014958	-0.57773785	2.0625463	590.6554	1.6429088	1.6379769	0.17999696	-0.028695627	1007987353.253766	1007987353	232991576
3274	0.4532823	0.66414172	2.2123242	310.72454	2.5007947	1.5362681	0.14861155	0.096581879	1015101641.093872	1015101641	115224123
3292	0.26471671	-0.58824949	2.5246909	167.33281	2.2913057	1.5272155	-0.014136199	-0.042752299	1019790108.978394	1019790108	958285451
3298	3.4814032	0.61681576	0.57330906	366.94596	2.6568181	1.3740138	0.076072349	-0.061863059	1019007114.908867	1019007114	921076894
3299	2.5599826	0.20624608	1.1997083	171.4861	2.6906033	2.4477529	-0.44376535	0.0041899529	1029163295.613678	1029163295	634496450
3311	3.9080367	-0.99538477	0.076756665	254.712	1.9653691	1.5068999	-0.069730057	-0.010770311	1022859264.87854	1022859264	859682322
3334	5.0036323	-0.30081296	0.099035055	405.4023	2.2471238	1.5225879	0.22843771	-0.017964802	1028649205.98309	1028649205	964008212
3375	2.4000499	0.88844471	2.5211168	686.16396	2.9914693	2.7201078	-0.16913962	-0.12696611	1003752158.315941	1003752158	335611582
3379	0.62455344	-1.1409014	0.56132442	396.30301	1.7616406	1.628076	-0.035166231	0.0024787565	1024982454.196177	1024982454	178753614
3387	3.5290533	-0.0021404391	0.54915014	290.71524	2.8453362	2.0169272	0.075949594	0.036253348	1001399575.435107	1001399575	418756604
3402	4.9632147	0.98081201	2.7875854	424.32713	2.4349521	1.6339247	-0.013340626	0.25506699	1023334970.2967	1023334970	310444117
3415	0.85740393	-0.47615535	1.3498474	308.04727	2.8259537	2.0225128	-0.048222553	-0.22804981	1030666247.255981	1030666247	236233473
3420	4.7947339	-0.69502457	2.9580938	290.88042	1.3088496	1.2424978	0.1056007	-0.31773641	1027687083.331962	1027687083	316968083
3430	6.2337527	-0.48132392	0.53160318	321.53121	1.5744417	1.3751184	0.091640843	-0.0042246555	1017288407.703374	1017288407	685207367
3443	2.6441876	0.59619185	0.52100636	142.37705	1.8919243	1.7469937	0.023909795	-0.2611305	1006356098.8798	1006356098	897712827
3455	4.816842	-0.79070384	3.002836	527.81912	2.2429352	2.1020562	0.20841667	0.035667039	1019345877.067572	1019345877	46912432
3456	3.851374	1.1350174	0.72238579	262.57482	1.5323619	1.3714462	-0.091443626	-0.22747404	1025425757.21443	1025425757	229605556
3482	0.67375152	-0.49574256	2.7247054	436.61737	2.4477238	1.845269	0.02498441	0.059552994	1006367570.412384	1006367570	393065691
3487	1.8830374	-0.03802473	2.473125	438.99717	2.3655756	2.269681	-0.11033131	-0.097228257	1000686734.693208	1000686734	676365614
3494	2.6525145	0.20567022	1.0321763	90.945432	1.8953915	1.4105506	0.039845931	-0.36497236	1000410667.786133	1000410667	799451232
3502	0.94053692	0.44862241	0.59542849	242.38275	1.3929387	1.3322757	-0.13387406	0.011343442	1003744633.28479	1003744633	304664850
3511	3.2273721	1.2926812	2.894672	241.53213	1.45203	1.1955108	-0.116549	0.14074022	1008626138.5271	1008626138	540683985
3518	1.9979092	0.039906209	0.9289787	111.23854	1.5106138	1.2750688	0.053664328	-0.016905515	1003060390.959456	1003060390	976134777
3522	0.5427609	0.53200667	0.13628501	1178.5652	2.4981836	2.3403796	-0.18425056	-0.0055518649	1022258557.290149	1022258557	310865641
3525	1.9718946	-0.88438018	2.6626824	416.8889	1.5291061	1.4261061	-0.1985889	0.10431641	1015855414.346266	1015855414	325741768
3534	5.2576699	1.4085946	0.73698094	136.98242	1.4422432	1.4366008	-0.012627366	-0.019671695	1024564359.573601	1024564359	589487672
3555	3.7995438	-1.289152	2.9221845	229.33428	2.4261117	1.6573294	0.031973195	0.052904671	1002644476.687102	1002644476	676688671
3579	4.3438604	-0.24506585	0.73450455	254.51277	2.4220797	2.0498558	0.07146276	-0.094371919	1013965967.325912	1013965967	330799341
3597	5.4157247	0.2565629	0.25818943	349.12183	1.4951586	1.365696	0.021451795	-0.022581059	1019315990.469957	1019315990	486819267
3619	1.563286	0.12178092	0.47909561	200.00243	2.7230139	2.0976033	0.14445646	0.15577284	1023631365.519769	1023631365	526676178
3630	0.19602281	0.53504955	2.6899584	205.674	2.8155774	1.5557201	-0.80073415	-0.01394818	1010457154.645386	1010457154	661662102
3668	4.2206562	0.86780244	1.0961632	241.48478	2.1061106	1.4717273	0.060259606	-0.095510612	1017655476.080697	1017655476	101095915
3673	5.9834201	-0.73282105	2.0312004	221.63104	2.9502779	1.4440426	0.037636459	0.30399281	1001418905.323918	1001418905	312902451
3687	2.4618489	-1.0379971	0.38571417	246.62014	1.813436	1.3417894	0.010928378	0.098291554	1008186517.836431	1008186517	819043040
3701	4.8042333	-0.79049618	2.7196187	438.82221	1.7781083	1.235641	0.019764258	-7.6266061e-05	1014077437.985498	1014077437	968056560
3715	0.37344432	0.4014215	0.81086456	430.698	2.4984034	2.2993324	-0.12398981	-0.028373513	1019922610.056536	1019922610	74515939
3726	1.2547244	0.41805441	0.88543697	266.9493	2.7549417	2.5577901	0.25424903	0.16969773	1028288849.045659	1028288849	62500954
3795	3.1067796	1.4497811	1.3551546	31.67835	1.36896	1.2859694	0.19836968	-0.095349703	1027199227.577839	1027199227	593083620
3806	4.930932	-0.24278807	0.79767016	366.1617	2.6475511	1.9206616	-0.0053556554	-0.13043282	1011415987.850429	1011415987	831453443
3818	2.2028454	-0.24201711	0.73976648	364.13975	1.4290988	1.3832521	0.0090837994	0.0061900384	1022879787.594481	1022879787	606748819
3826	0.33938407	0.74514478	2.7769667	288.78878	1.9959584	1.9896383	-0.059425283	-0.15860696	1014582321.373866	1014582321	394030452
3830	0.088284725	0.42239845	2.5130333	378.60358	1.7147765	1.3662064	0.042534476	0.0002712905	1007511851.658359	1007511851	676939011
3836	4.8017647	-0.69142236	3.0807278	203.34299	1.7403192	1.7209916	-0.15767744	0.02020744	1025397834.285522	1025397834	273422360
3843	3.1497866	0.83465439	1.8960155	186.07362	1.5094835	1.4442874	-0.17519327	0.083889776	1006687586.31762	1006687586	335302353
3881	1.5607356	0.49641401	2.3853244	348.51614	2.6508972	1.3381941	-0.10089754	0.27015299	1012360415.872591	1012360415	892634392
3887	1.358932	0.63254912	2.1878062	402.45842	2.3282635	1.73646	0.03654956	0.15692339	1015552443.936313	1015552443	956545711
3905	1.4232292	-0.98912912	1.2996627	52.924014	1.2582352	1.1895188	0.02185845	-0.15678306	1019400679.258301	1019400679	240866899
3906	3.3592741	-0.58533444	0.7686798	645.59474	3.2996561	1.8757061	0.25876743	-0.16485705	1019157189.729975	1019157189	710510373
3919	5.8233012	0.66723898	2.6006054	287.00781	2.2408655	1.8868602	0.064014886	-0.3194164	1029228936.827689	1029228936	847339153
3921	4.7464077	-0.87024633	2.654899	330.19334	1.7925182	1.4943667	-0.10184801	0.12715532	1026409172.619757	1026409172	599330306
3923	1.3213302	0.5288105	2.6261632	165.31173	1.632205	1.4696173	0.0044889029	0.37284758	1004061021.916452	1004061021	917758942
3926	2.2679808	-0.65074304	2.4968593	132.91511	2.3581381	1.3420927	0.014418772	0.077674704	1008651551.092365	1008651551	88159800
3936	6.2110003	0.37877089	0.84984948	151.75668	2.2118876	2.1372955	-0.034683808	0.004501342	1020478276.053846	1020478276	44120073
3937	1.1862671	0.47639298	2.8746522	309.08252	2.6657443	1.8695861	0.24976725	-0.032206559	1018515361.937866	1018515361	926470518
3940	5.0298178	0.031030264	2.1797778	235.07654	1.7702491	1.6260359	-0.011653978	-0.1842685	1024598562.569336	1024598562	551402211
3950	1.0151865	-0.7218057	3.0357484	85.509494	1.9751228	1.5429135	-0.30905058	-0.0089230759	1020677607.763125	1020677607	743665814
3975	5.4286519	0.31288301	3.0647529	783.30985	2.4494497	2.3771795	-0.16043303	-0.058534694	1030245895.416396	1030245895	434973121
3991	3.9217123	0.087265997	0.49544225	332.92865	2.2382007	1.483881	0.13924555	-0.025014708	1016651266.224813	1016651266	212032557
3999	0.88123984	0.96471987	1.6074306	174.12139	2.425234	2.0243934	0.023991961	-0.038301284	1019516062.960099	1019516062	976558447
4006	0.085090974	-0.18648647	2.097233	152.35024	2.0395522	1.9698666	0.022076203	0.050389124	1002351478.869948	1002351478	882816434
4014	4.0701524	0.51177048	2.801624	255.84559	1.7055987	1.6664463	0.041894727	0.2283578	1000943980.869995	1000943980	889933944
4029	5.8067355	1.4060647	2.5475553	281.00379	2.7910363	2.5476663	-0.30380552	0.10881017	1020195655.091114	1020195655	104932904
4030	4.2834138	1.0004587	2.1496789	344.47428	2.837155	2.2914451	-0.074679769	0.035349297	1018696187.987814	1018696188	8144736
4042	5.4424872	-1.4817047	2.1092897	256.73433	1.9554271	1.2743044	0.026587375	0.035435404	1000613793.728806	1000613793	716418743
4053	0.70294099	-0.8562148	2.4727876	141.35664	1.975373	1.6631454	-0.0073952443	-0.012637934	1006376338.808007	1006376338	791582704
4063	1.9162367	0.39893499	1.1867646	242.94105	2.1136107	1.3311013	0.00092758068	-0.15552717	1001178757.596999	1001178757	611791372
4074	3.5955631	0.45531287	0.46611846	280.48142	2.2063617	1.3324051	0.21758592	-0.004851423	1008526845.793056	1008526845	807714105
4085	0.30765559	-0.95288738	3.0394108	325.7564	2.3809686	2.3701668	-0.27303761	-0.038987539	1001456301.326904	1001456301	312057614
4086	3.2173694	-0.62421023	2.6814566	454.06078	3.0390024	1.4859415	0.055833817	0.039690253	1021215025.748405	1021215025	728055477
4106	5.2441658	-0.39910025	0.58741787	172.52022	2.1763752	1.8248806	-0.019715237	0.062253865	1018015601.993286	1018015602	735164
4115	2.2425456	0.63522086	0.28907133	472.05142	2.0631967	1.4997214	-0.0032420793	0.067806272	1021318914.780006	1021318914	793518305
4139	6.2632404	0.87825546	0.5182888	278.96118	1.8240074	1.6945243	-0.0014954373	0.0038771447	1012359345.234495	1012359345	248905659
4155	5.8415386	-0.058343676	0.36305229	207.45377	2.2818908	1.7227048	0.016189878	-0.19071428	1005032496.941492	1005032496	940085292
4157	0.98069922	1.242507	2.2695813	79.510634	1.5392807	1.4018571	0.11968681	-0.23682396	1015524414.851897	1015524414	865378737
4169	5.4658918	1.4132828	2.5208692	219.27765	2.3791524	1.860518	0.095974929	-0.0047098777	1015457502.154645	1015457502	167326450
4188	5.8911309	0.89533154	2.5066541	370.493	1.867111	1.5512825	0.040833035	-0.035546686	1014496746.057606	1014496746	76409698
4203	1.3360408	0.60583016	0.31723138	420.42433	1.7260305	1.6479556	-0.20569118	0.0010158509	1002881956.663134	1002881956	683792472
4227	2.7430062	1.083979	0.22571423	347.90768	2.0188693	1.5789876	-0.15498403	-0.15410736	1027045564.528295	1027045564	542419791
4231	6.1460185	-0.50440846	2.2114366	144.4887	1.9766058	1.9211956	0.017402988	-0.27800013	1013548557.292274	1013548557	300469995
4260	3.1296045	0.84881532	2.0047274	361.69372	1.8588505	1.8484642	0.069587598	-0.076287836	1020832502.347209	1020832502	367002249
4264	2.3549992	0.53116528	2.6276022	626.92675	2.8372708	2.5850264	0.14420911	-0.098303807	1013839463.48	1013839463	500179768
4267	0.084617621	-1.4043298	2.9001158	200.04185	2.5956747	1.2405511	0.16344019	-0.09556082	1028241781.743743	1028241781	727783799
4281	1.9087481	-0.93189565	1.885898	142.46228	2.0810578	1.4577766	-0.046303984	-0.27136251	1027746506.619019	1027746506	598582983
4284	4.376374	-1.5135863	0.35977181	62.799385	1.7887741	1.3034744	-0.012265276	-0.0012850507	1021055108.799194	1021055108	783252716
4295	2.4262277	-0.49459587	0.61350854	228.29179	1.757207	1.6877199	0.22349509	-0.10750802	1011308779.772576	1011308779	756122589
4310	1.3584501	0.99803884	0.8941881	306.9957	1.4291155	1.3285053	0.024426466	0.062812288	1004007055.24353	1004007055	263043642
4315	2.7842975	-0.83015625	1.2107285	139.61027	1.7155643	1.533418	0.0083100659	-0.23726382	1005341577.833496	1005341577	818001628
4316	3.4810211	-0.64340604	2.7742149	529.70634	2.1597921	1.5651543	0.019284546	0.3009561	1021126549.795021	1021126549	776311755
4324	3.8634856	-1.3391846	2.8114287	674.19751	2.9078573	1.9230329	0.48007526	0.23356889	1023881177.832733	1023881177	819121599
4335	3.1294069	-0.40248244	2.4958914	250.6143	2.4765816	1.4704027	0.014720851	0.18949604	1026613975.946054	1026613975	949993491
4338	4.0190425	0.18331698	0.47987462	190.2477	2.3604741	1.2834463	-0.04800252	0.012879285	1015141883.52417	1015141883	540431619
4342	0.57863446	0.36303618	2.6878809	373.55472	2.4139554	2.3836181	0.21928428	-0.0056063432	1027130249.628266	1027130249	618488550
4362	3.6218913	-1.350866	0.1777851	446.97063	2.0399692	1.7805732	0.066534613	-0.21912491	1029628775.248222	1029628775	238348126
4374	2.2740237	-0.47367186	2.9051103	838.07502	2.6546757	2.478347	0.064379295	0.27369547	1010009558.95877	1010009558	939614415
4379	1.4028928	0.96094012	1.0200883	257.80842	2.444314	2.3013429	-0.21959632	0.30604237	1021317828.451608	1021317828	471432209
4390	0.68669431	1.0426724	0.64354578	205.78922	1.4230282	1.2508676	0.0086777688	-0.32480651	1020482307.451762	1020482307	457150578
4397	2.4103318	0.032346073	2.082418	223.69849	1.8668492	1.8663319	-0.022004835	0.13944129	1010351419.761383	1010351419	745787978
4402	1.5801111	-0.87706795	0.36525549	555.87293	3.0425785	1.8012858	0.11240962	-0.05445247	1002230117.712152	1002230117	693668127
4404	2.6981289	0.82491821	2.631621	502.20667	2.665432	1.4865599	0.27641312	-0.036798112	1025831512.736206	1025831512	755516171
4415	4.1584626	0.79659223	1.0959186	183.63827	1.8107284	1.4124507	0.049780761	0.014943702	1011111382.730181	1011111382	750151038
4426	3.1228461	0.041783143	0.43451474	342.34017	2.1594576	1.8070895	0.0058215205	0.055169268	1025430879.502075	1025430879	485559702
4430	2.8645697	-1.1084269	0.62792792	257.28507	2.5325498	1.9198499	0.043817572	-0.1886488	1003887542.986515	1003887542	968549967
4431	5.9482054	-0.50894133	1.9299893	229.21231	2.6367864	1.3705057	0.020672314	-0.059038968	1000399312.04895	1000399312	27901053
4450	0.9119306	1.15084	0.6761786	498.59469	2.7828473	2.0806423	0.45772054	0.015368312	1007358290.049341	1007358290	68258405
4451	6.061439	0.37072478	2.598165	237.18703	1.7842851	1.2402064	0.0065164824	-0.0050442127	1005629759.653515	1005629759	668980360
4462	2.9087316	0.37028248	2.0734437	419.59577	2.7797502	2.6170847	0.38013795	0.025345107	1001271989.172668	1001271989	191054821
4463	2.9959081	0.21476512	2.6485894	382.21512	1.6017941	1.460336	0.0026407377	0.12887608	1028147839.152357	1028147839	170891047
4473	0.08664585	1.2192706	0.5846039	372.23789	1.8844515	1.713036	0.087659517	-0.18853478	1021902269.691479	1021902269	708979726
4479	3.6426857	0.3273376	0.63153193	173.93027	2.3910931	1.5009317	0.027119908	-0.046835017	1014922921.633179	1014922921	621868014
4480	2.2959064	0.58002919	2.7845711	324.17767	2.8149994	2.6431383	-0.47836702	0.094771303	1029761625.341064	1029761625	355577707
4487	6.1238151	-0.52633463	2.5355937	156.73386	1.5042408	1.5018807	0.013917184	0.21441225	1019620363.916626	1019620363	896638870
4493	5.9422985	-0.68250335	2.4445564	105.509	1.8156287	1.6742261	0.058731688	-0.0315029	1027479361.062455	1027479361	50139427
4501	0.78568167	0.20771605	2.3928136	171.88201	1.917924	1.6206824	0.020186557	-0.016980072	1028387240.257292	1028387240	273573637
4503	4.0032552	-0.53149358	2.7068087	449.62752	2.9420623	1.681267	-0.42977246	-0.02553987	1026134042.380391	1026134042	360785484
4504	2.4768046	-0.84350829	0.08038919	281.26116	1.4608593	1.3629788	0.098708122	-0.038210709	1019492813.420894	1019492813	401941299
4513	3.8544304	0.72047662	2.3020331	346.25724	2.6735441	2.3439802	0.035333325	0.039219902	1001977044.747134	1001977044	766207457
4522	3.5450108	0.72142034	2.1243367	356.81262	1.7972237	1.6637474	-0.030359187	0.0073061978	1030304839.309186	1030304839	328342795
4527	2.5493787	0.65612952	2.8382356	289.70422	2.2870147	1.5980195	0.2385826	-0.27964897	1008842767.231079	1008842767	251991272
4532	0.42295865	-0.36607917	2.861524	360.7409	2.2693415	1.4507557	0.0031743635	-0.15684597	1009629232.728879	1009629232	709433198
4545	6.1015459	0.96890125	2.6458485	434.3124	2.9411694	1.6552477	0.17208387	-0.018437631	1016572254.477693	1016572254	495678306
4551	4.3918173	-0.18938468	1.8170177	118.04077	1.6565351	1.5238432	0.10577622	0.12318312	1007796826.50495	1007796826	487618208
4565	3.0087441	0.16353608	2.6898232	305.14031	1.9037793	1.625836	0.086316258	-0.013103726	1002229802.021697	1002229802	32848120
4572	2.6827352	0.1767356	0.27478866	569.12576	1.770442	1.5836315	0.023449756	0.042018121	1011771412.010008	1011771412	38971186
4575	1.9860535	1.3218438	0.78039239	210.2552	2.6919924	1.6008569	0.37721539	-0.1891359	1031365717.197643	1031365717	206016779
4596	2.8841605	-0.63838764	2.4503707	231.51983	1.3825972	1.2632499	0.012200591	0.27745272	1029838764.479043	1029838764	460671902
4607	1.7759651	0.33777863	2.2692069	477.2486	2.5870961	2.2185648	0.14839538	-0.081901687	1010647021.25276	1010647021	271684170
4613	2.6271634	-0.98724469	1.0484885	185.8574	1.4910926	1.1752908	-0.27709621	-0.091861725	1013379218.077084	1013379218	59344053
4622	0.1901802	0.54779935	0.65226219	197.18199	2.4228766	1.314631	0.0080855505	-0.057289673	1018042389.593262	1018042389	612290859
4633	3.9272206	1.297791	0.14523166	110.24057	1.6765538	1.1753452	0.093338535	0.2622266	1015943758.708252	1015943758	725526929
4640	4.5581846	1.091489	0.33585195	293.46833	1.365328	1.2239271	0.091819516	-0.063174739	1020261910.840664	1020261910	856009483
4653	0.038339031	0.83175006	0.87710042	209.17006	1.8993219	1.7412	0.056781311	0.31632393	1013278784.686523	1013278784	704820395
4657	2.3115142	0.66811672	0.64734708	227.6762	1.8456596	1.3389891	-0.015867535	0.10972263	1003657334.14045	1003657334	155990243
4693	2.8444154	-0.98968586	2.8781087	433.40924	2.3285395	2.3008556	0.068232044	0.011319581	1025981831.172985	1025981831	166287899
4704	3.2720819	-0.59699367	1.0981338	156.89586	1.6283051	1.4033874	-0.12308429	0.11054966	1003306887.602905	1003306887	583587646
