simulation_id	longitude	latitude	inclination	distance	mass1	mass2	spin1z	spin2z	gps_time	geocent_time	geocent_time_ns
1	3.8945277	-0.085180657	0.19184119	2829.4617	10.927045	1.9834168	-0.39365163	0.11535561	1016917851.156258	1016917851	150459766
55	0.62996372	0.12289267	2.1665387	2020.4144	26.982859	3.618263	0.038311449	-0.046496162	1009120433.462571	1009120433	450820923
107	2.434501	-0.44445802	2.6385445	1276.6775	7.9803787	2.9638835	0.016742751	0.0028533106	1001128439.914544	1001128439	894866824
118	5.8493326	-0.054763019	2.7044718	1457.3743	8.6211337	2.8315814	0.86681756	-0.089131852	1018059206.179994	1018059206	165912390
135	1.5961694	1.3630421	1.1669571	800.19997	29.530663	2.9752178	0.21068791	-0.74135325	1017500532.019838	1017500532	32509089
140	1.7616645	-0.23895613	2.7726104	1173.4489	9.0281506	3.1055378	0.40918172	0.20284769	1027651160.437618	1027651160	422813654
159	1.7542944	-0.024825885	0.4115078	1102.1598	10.323489	1.4134517	0.013108765	-0.01136751	1013191337.062323	1013191337	52918077
194	6.0466993	-0.36310503	0.52853029	1816.5107	17.499365	3.71367	0.4675094	-0.1815405	1012890938.15946	1012890938	145833731
212	5.1659021	0.49943038	2.127071	1434.5686	9.3532175	3.2173556	0.40918172	0.20284769	1022589332.676817	1022589332	689453006
223	1.5340812	-0.58757421	0.090012988	1133.5749	9.9133025	2.8803411	-0.018448544	0.098192956	1012715210.438748	1012715210	430528045
315	0.95450631	-0.6928146	1.2030049	1044.5329	26.243088	2.1380283	-0.12410214	0.1244992	1018763737.576603	1018763737	559585214
317	0.85922384	-0.91662939	2.0270559	394.86917	25.126449	2.1157326	0.35040659	0.036353275	1029903313.170654	1029903313	155454755
342	5.3000466	0.021367526	2.7149476	1233.5569	20.376081	2.447526	-0.040467093	-0.084287632	1008343817.713954	1008343817	713572741
417	1.6801124	0.062291165	0.86146507	938.806	13.357467	1.8988908	0.62589853	0.039183785	1004439816.184521	1004439816	197335362
454	1.1213794	0.78235522	1.0283676	875.42717	6.3650647	2.7211156	-0.026196062	-0.015279904	1003407204.61606	1003407204	633040071
473	2.217603	0.79680838	2.5839702	3299.6664	5.8951104	3.5754509	0.10036982	0.055619663	1005983970.711199	1005983970	730136871
525	0.34534654	0.52862836	0.61203317	2782.0838	14.720471	2.6515503	0.20649609	0.10115948	1011570257.608825	1011570257	626502514
531	3.4672691	-0.85035293	2.7682958	967.20458	7.5227158	2.2943445	0.089593497	-0.075849442	1019927688.287255	1019927688	267463923
556	2.5620479	1.0499768	0.99726714	1381.6539	12.3899	2.2372617	-0.35798191	-0.0042936575	1018310822.894966	1018310822	912701964
565	2.9191443	0.54477925	1.9876166	1677.201	28.931875	3.6257423	0.074778628	-0.18400668	1029180385.326905	1029180385	345296621
571	4.4490413	-1.117075	2.6960666	3263.3089	16.005051	2.7483115	-0.017640574	-0.027564199	1028994459.878203	1028994459	856104016
584	3.4575488	-0.27043984	2.5155257	1459.6289	9.9762839	3.0533608	0.028150714	0.023929324	1009821056.159081	1009821056	166195393
592	0.026519154	-0.0047922917	0.83594007	1109.7844	8.6836684	2.7351855	-0.019598697	-0.077406578	1010800657.966889	1010800657	979323626
595	0.88703221	0.43816993	0.75797817	784.71842	8.0386146	2.8543337	-0.0075470479	0.036991017	1005713737.985949	1005713738	929236
599	0.46859683	-1.0962544	0.7662463	637.26327	6.805721	2.3058663	-0.22251715	0.066751192	1006955455.876786	1006955455	858324885
628	0.62402779	-0.94762963	0.83160169	2181.7588	10.715891	3.5464357	-0.53258294	0.28135765	1023583767.540779	1023583767	523701072
674	5.710239	0.24358993	3.0334561	1156.0832	9.9326169	2.1885344	-0.081897803	0.15067423	1019815100.875232	1019815100	886276007
704	0.40001116	-0.23919563	1.9469141	1073.0459	7.9136892	2.9237601	-0.020352366	-0.10475793	1009376298.958678	1009376298	939489245
714	4.6842071	0.26274361	2.2144855	479.97423	7.4319994	2.5834623	0.12129853	0.0065219105	1012155381.82296	1012155381	838608742
730	4.3293577	-0.28445358	2.3537135	1519.4142	10.461768	2.1552369	-0.087255821	-0.067179165	1025633162.374564	1025633162	357851624
760	5.4341157	1.0583418	1.9198854	1117.3953	7.658096	3.1704058	0.54389002	-0.15308555	1003379903.075369	1003379903	91053128
766	5.6036994	0.99036681	0.28154378	1278.4646	23.199229	2.0796559	-0.044058195	-0.24472186	1002510953.946595	1002510953	964609742
809	3.183257	0.67645076	2.6954273	2942.5255	22.597999	3.825217	-0.2070771	0.56969732	1030047173.308632	1030047173	329182267
825	5.8066382	0.55482883	1.138561	2556.3988	11.289847	3.7141211	0.22213039	0.043953331	1011132163.283617	1011132163	289041162
908	3.8535211	-0.39045875	1.0989602	1034.607	15.097118	2.3236989	0.034162595	0.023768819	1022340678.731453	1022340678	716235161
923	4.4567737	0.97439093	2.5525719	5979.8183	12.697678	4.2775274	0.027025117	0.0016158889	1005455075.013105	1005455075	19443393
1023	5.7122125	-0.038343712	0.63230766	1606.1461	7.8046291	2.8242654	0.16403489	0.030757145	1002949328.229679	1002949328	240694642
1082	3.7721283	0.55057564	0.70708287	2047.2481	22.52841	3.5335647	-0.069759522	-0.19041401	1001175448.304535	1001175448	319866419
1103	3.2457841	-0.71598216	3.0473851	992.52422	10.446371	2.1912213	0.042268699	0.036581602	1008841757.151973	1008841757	145588756
1140	3.1849865	-0.18232434	0.88730323	1071.5499	16.986488	2.5678029	-0.023430869	0.0035360379	1017157565.562501	1017157565	547151923
1193	2.3533023	-0.37969	1.3157312	816.97742	14.320064	1.6368419	0.28458932	-0.048052492	1023024691.149879	1023024691	137251019
1202	1.4353118	-0.025904646	0.51010679	1102.0584	9.2287251	2.96221	-0.14878855	-0.001175613	1007777190.264008	1007777190	268920779
1221	4.6909396	0.85164159	2.9452504	2562.4306	14.399013	3.1563405	0.58529516	0.19527469	1000770965.175535	1000770965	187470675
1253	4.2518199	1.1817336	2.3506886	1275.7901	8.6911459	2.846932	-0.00040306533	-0.16936533	1010016120.69779	1010016120	707697988
1257	3.7244998	0.72712191	1.2578686	1366.7181	16.926706	3.2899475	-0.15426515	0.019795438	1009127690.052702	1009127690	68476200
1268	4.1394935	-0.97993761	2.9155627	1505.7237	4.2978172	3.0555476	0.0022043632	-0.16438132	1014084627.460402	1014084627	440236807
1318	4.7811354	0.75561544	0.63024692	2383.3659	17.640804	3.4907306	0.1896148	-0.010388966	1006745556.655491	1006745556	664100289
1350	0.81032889	0.1318375	0.3971431	757.56563	14.029789	1.8641132	0.52058182	0.0030175329	1018418134.075518	1018418134	66051126
1356	5.4894007	-0.22076014	0.89573989	754.98467	9.5115457	2.165882	0.54547379	0.063073951	1028317002.671001	1028317002	654187918
1388	4.5250767	-0.70461986	2.8472076	993.79482	7.5309741	2.0690702	-0.087461296	-0.067687373	1028127090.672163	1028127090	651697040
1511	3.566673	0.36371943	0.69440352	831.66361	14.60499	1.6817137	0.014944147	-0.20527564	1021731355.163553	1021731355	156390071
1575	6.1526957	-0.14535662	0.60393555	1947.7857	14.903955	1.7829118	-0.57174209	0.020859101	1005309131.29992	1005309131	288005233
1601	2.5954408	-0.96504287	0.19903863	2612.6091	10.459331	3.1121147	-0.0063685172	0.11372801	1018182843.265104	1018182843	248952508
1635	5.0247944	0.77859609	2.0129987	554.17469	7.8554446	2.291537	0.28868965	0.054244356	1023254233.833597	1023254233	847510219
1672	4.785816	-1.2043007	1.0667684	1173.9894	8.5346812	3.2752973	0.046124	0.20912102	1000684085.449664	1000684085	439953566
1686	1.8429101	-0.70457621	2.3632161	2073.5091	15.31039	2.9620579	-0.024841311	-0.22750616	1024700079.807328	1024700079	796360612
1736	3.2936546	0.65170723	2.9231655	3645.2837	24.828823	3.8913615	0.46201759	-0.14964654	1019021723.246484	1019021723	264918804
1746	0.35847638	1.3684187	2.2589129	1097.7454	15.944119	2.3056938	0.072983575	-0.24019104	1016574926.350615	1016574926	370466352
1773	2.5582533	0.0071265599	0.91274962	907.04989	9.2696879	2.430618	0.17221171	-0.0022664725	1000874917.013766	1000874917	764728
1784	4.7567896	0.069776716	0.5490386	1602.2681	18.595513	2.1410147	0.55159438	-0.1656395	1015217390.19077	1015217390	182068229
1785	2.2845671	0.84194569	0.98718506	2394.562	7.7317297	2.4902709	-0.15256122	-0.035662281	1030976296.707157	1030976296	721942902
1803	2.1456557	0.58522957	2.7950081	2809.3736	17.690992	2.9129481	0.26230359	0.0222892	1006586412.140195	1006586412	159735084
1806	1.5188326	-0.23087918	2.60164	2189.3298	14.245262	3.3631419	0.0063204133	0.1801542	1020971661.104248	1020971661	119995594
1843	2.8877727	-0.20884708	0.49035842	2546.2369	10.243672	1.996887	-0.52184887	-0.18255102	1022032854.330148	1022032854	347259045
1850	2.378658	-0.61114059	2.6483094	1488.7931	14.718264	2.4223282	0.018645735	0.0020781198	1000892048.351881	1000892048	341801882
1925	2.033925	0.63972157	1.2350104	887.45112	3.5667313	2.6171395	0.36763777	-0.083103493	1013818419.75186	1013818419	771554947
1936	0.30860949	0.72077903	2.0264961	739.25593	12.612287	2.2679226	0.025133902	0.0099245954	1000463552.606083	1000463552	623632908
1992	5.3811128	-0.12690926	1.7470455	492.97158	7.8528414	1.6216991	-0.0088856411	-0.0025335961	1003551545.846404	1003551545	847466826
2004	1.2473411	0.6319943	2.8896277	2269.5353	10.918878	3.5639447	-0.58298512	-0.45622625	1002951737.033393	1002951737	47536492
2034	3.4218434	-1.0597773	2.8846059	3277.05	37.093279	2.5965733	0.19724845	-0.033447635	1006579259.821828	1006579259	804341912
2095	0.83692008	-0.55122441	2.0020059	1419.0817	8.2261883	3.1219611	0.0006571402	-0.03803126	1015486028.271279	1015486028	259376884
2097	2.1849641	-1.1344637	2.6538362	1549.04	9.8242065	3.3072156	-0.16450116	-0.096331559	1015167054.303429	1015167054	279541850
2105	5.9249845	-0.99495917	0.87898429	1799.9431	19.87214	1.6349084	0.27114676	-0.0030934228	1012994559.120072	1012994559	97316861
2270	2.1132379	0.14390924	0.6031779	685.39595	11.24089	3.1591812	-0.088132629	0.44953329	1027320435.474732	1027320435	461091042
2272	5.3620673	0.41019318	0.71617695	1972.8921	10.094899	2.8151427	-0.045385148	-0.040956721	1010321638.792561	1010321638	795858502
2277	3.9989342	0.39197589	1.5677246	671.21692	10.592637	2.485392	-0.38526309	-0.30003872	1024872075.419244	1024872075	426644921
2288	0.091380253	-0.67855215	0.28700078	698.22181	11.632562	2.1937044	-0.12182356	-0.0076399533	1015121761.241196	1015121761	223152757
2319	1.6700428	1.1497133	0.55763558	997.52778	4.1050595	3.0193525	-0.33521321	0.26375528	1024625776.884888	1024625776	898763895
2359	2.9095704	0.55330733	2.4005425	1105.1247	11.004139	1.9319755	0.063856012	-0.064847431	1024806102.775691	1024806102	789598346
2372	0.35003558	-0.36817553	2.9710712	204.1709	14.837458	2.097196	-0.38552517	-0.095298077	1028809761.015303	1028809761	11506796
2419	4.8138629	0.84469098	0.6023698	2971.5597	39.364376	3.9923148	-0.055201061	0.30242701	1007308360.053701	1007308360	69790483
2583	6.2505708	-0.30666024	1.9093335	1533.5441	10.883871	1.8828812	-0.092917281	-0.047593995	1001442650.247838	1001442650	230276823
2621	3.5368373	0.8037494	0.51740283	2160.5515	9.0983794	1.9092832	0.08033163	0.14917418	1004210601.47696	1004210601	488705754
2647	6.0834856	0.95313662	2.3782441	396.81919	16.262967	2.7547221	0.63940179	0.018551161	1022625868.956172	1022625868	959961653
2683	1.9613126	-1.2768041	0.85105354	673.53202	3.8338595	2.1885197	0.0090521019	-0.046119421	1000979254.223889	1000979254	211557984
2739	0.81900004	-0.25968092	0.76404537	768.47216	8.3613875	1.2958	0.18604045	0.0038151577	1002653996.251848	1002653996	235779762
2752	5.6546198	0.049818418	0.69095355	1560.0658	11.517279	3.3268412	0.15231801	0.043399471	1002638085.831161	1002638085	820249438
2753	5.2167486	-0.27088557	0.81804988	829.26094	13.895648	2.0748193	-0.094077187	0.24759802	1016932571.566199	1016932571	548596859
2800	0.1936469	-0.68329817	0.96028135	2505.0981	19.338866	3.416173	0.72102614	0.092726138	1030562044.514757	1030562044	498701334
2801	4.5611563	1.1902265	1.18744	1332.4912	15.518171	3.0094829	-0.2817221	0.17857383	1016353468.361992	1016353468	371470451
2859	5.5602861	0.88925829	1.9745313	751.11617	15.712397	1.4504418	0.63382568	-0.04547809	1019839992.271907	1019839992	288594246
2875	5.6877027	1.1260015	0.71769671	2274.5685	42.362078	3.5984991	-0.77473717	-0.20854116	1013538021.424202	1013538021	441228271
2901	2.6411743	-0.013386321	2.3357181	1081.3155	12.313051	3.1777707	0.37984882	-0.42265744	1020232954.643551	1020232954	651775479
2919	2.0467384	-1.0602213	0.33669991	1259.3442	8.9834212	2.2940016	0.092854782	-0.054711884	1013876837.079471	1013876837	59569955
3055	1.4405891	1.1337086	1.0269806	824.06523	8.9784691	1.6909391	0.40146838	0.01439359	1021752195.069506	1021752195	88258624
3075	0.83970333	-1.3784864	0.65290629	1864.2545	12.550481	2.8661398	-0.16349385	0.34291037	1003268818.106899	1003268818	89583516
3109	2.0331989	-0.5794582	2.1065088	2184.3047	10.430825	3.7021424	0.35120298	0.15258929	1024218495.008182	1024218494	985274911
3130	0.27696619	-1.2483463	0.66489272	2022.1762	9.1518623	1.7739624	-0.00042650468	0.084758121	1028843756.812521	1028843756	798199058
3134	4.7567855	0.0030173318	0.93031947	629.92417	8.99641	2.4846053	-0.036676908	0.020655854	1021873689.102708	1021873689	115837336
3137	3.8800458	0.05895491	2.5211609	488.68167	9.1989767	2.7375476	-0.62249894	0.17959245	1031496802.73047	1031496802	724740982
3157	0.71533463	-0.104424	1.9293046	829.16122	13.923531	2.9039388	-0.023922099	-0.051250181	1025485933.208646	1025485933	191662550
3195	5.61631	-1.192346	0.82060627	347.52204	8.8599506	2.1261275	-0.36597482	-0.16801634	1007819152.699653	1007819152	683076978
3212	4.0733489	-0.97544501	0.30262086	2975.5478	14.064812	3.3098776	-0.36909827	-0.24146899	1026222667.501209	1026222667	486086726
3277	1.1623263	1.2756182	0.4346082	1863.1308	11.247612	3.1509586	-0.10865944	-0.052178925	1023371649.203568	1023371649	218663454
3302	3.01072	-0.31134312	0.17750438	1376.149	10.182409	2.8238038	-0.095717171	0.16906954	1000397074.169598	1000397074	175069690
3306	3.5217256	-0.64126233	3.0652733	3193.4739	17.320565	3.5119989	0.14447542	-0.012439094	1004496732.29725	1004496732	282015562
3455	1.4251121	-0.97739775	3.0322219	2066.7789	17.397068	3.3936898	0.68081081	0.043014179	1019169297.306184	1019169297	297305942
3497	4.3284344	0.89201628	2.2505998	389.40269	37.388537	1.3152811	0.52509032	-0.21927533	1022648931.38189	1022648931	400682330
3539	4.3251478	0.1060144	0.96824526	1403.3547	4.3043804	2.6551196	0.72054404	-0.35010036	1025455631.353534	1025455631	341016889
3563	2.5758675	0.80562808	0.58462824	2276.4668	8.9625888	3.0726501	0.015647271	0.10014948	1023236890.866505	1023236890	885177612
3576	3.0227801	-0.83566304	2.214727	948.39485	10.733723	1.8100641	0.08212735	-0.29684419	1025769989.770909	1025769989	756500959
3642	4.3943959	-0.3992469	1.5227005	671.45006	7.7751136	2.4891779	0.063866466	0.055841813	1014129863.760698	1014129863	758733869
3684	6.1466042	0.47271824	2.3230432	2680.4301	11.033773	3.4446814	0.22273284	-0.061279164	1017341569.69609	1017341569	714388132
3716	3.4976977	-1.2342835	1.2011829	1100.6681	18.312274	2.2045427	0.0036674266	0.011996168	1024591506.209333	1024591506	203830600
3742	4.2360939	1.1929278	2.6264546	1327.3435	8.2960191	2.4607848	0.49993307	-0.072431474	1027059139.794362	1027059139	814162374
3801	0.18086987	0.35758033	2.8041405	933.18677	4.2112923	2.4064014	-0.032685542	-0.020772868	1020833991.470987	1020833991	463664293
3818	6.1107934	0.57836294	1.1247747	777.75087	5.1883797	1.7119905	-0.25789092	-0.0097490786	1020521930.740854	1020521930	757972598
3827	5.5428622	0.17001681	0.61018577	1591.8746	10.299997	2.3582253	-0.088819441	-0.057724285	1028366646.696564	1028366646	706227183
3833	5.0857235	0.84214521	1.3106746	1780.2142	9.5558185	1.7693091	0.28831034	0.18255387	1009563316.105074	1009563316	121238470
3842	1.0293098	-0.7512407	2.8315518	2493.1478	12.777177	3.5394642	0.053163611	-0.012431951	1030923940.172178	1030923940	150662184
3893	2.2814822	-0.3605263	0.94531909	5274.9592	24.753225	4.4154616	0.06466885	0.0034858118	1018871176.469714	1018871176	458400369
3912	3.7398277	-0.68809271	0.56276918	2109.6338	14.961843	2.5270522	0.38759699	0.1229353	1025523974.019994	1025523974	7256627
3913	3.6444136	1.29195	1.253861	689.03228	26.962792	3.1608365	0.56683482	0.03702661	1030215201.477584	1030215201	493493438
3943	0.70857453	0.876189	2.4767367	917.28336	9.8931622	2.134024	-0.012341186	0.10532949	1008751893.028606	1008751893	43009281
3976	5.1968776	-0.22540764	0.24563981	1209.8313	12.201117	3.2809108	0.053734843	0.49105787	1020336029.294664	1020336029	304441333
3977	0.80027163	-1.0704619	0.53870698	2730.5152	11.111317	3.7032575	-0.31295375	0.30078621	1004298238.906669	1004298238	885798454
3985	0.75930473	0.35246945	1.5660027	518.25273	3.6404714	2.6766405	0.017251021	0.039732798	1012263781.413414	1012263781	432099700
3987	0.81240353	0.14842276	2.4613662	1012.25	3.7455352	2.9498218	0.36360726	0.0018995998	1007695952.233348	1007695952	246473789
4024	2.410344	-0.27991358	1.9646261	1606.5165	23.515677	3.4266486	0.11857447	0.84418787	1013292273.416393	1013292273	401213288
4062	2.4847838	-0.94646462	0.59096192	1933.7312	23.497469	4.0152856	-0.16518903	-0.0022872808	1008194272.916616	1008194272	898139954
4076	5.2950409	-0.6286512	1.0179944	1157.0949	4.0561859	1.4613498	-0.43298	-0.16309517	1003413089.364204	1003413089	342105150
4077	5.443189	1.0010533	2.8434574	492.65354	7.414375	1.3792998	-0.85036683	0.11372529	1002007473.594055	1002007473	610499501
4095	2.8340405	0.66615634	0.9517977	1617.1014	12.477432	2.8438302	0.80708291	-0.0053481814	1005675562.662707	1005675562	666605473
4164	2.4333312	-0.029113558	2.7169887	7195.9345	16.804526	4.4705566	-0.010836687	0.096437875	1019444915.210006	1019444915	214206100
4238	2.6804366	0.33863359	2.6046172	1643.0693	14.303083	2.7368078	0.57275202	-0.0096397997	1011437924.260194	1011437924	275653362
4239	5.1199821	-0.09466664	2.8385482	1448.5778	13.147313	3.197302	-0.21685934	-0.25679665	1003784257.057384	1003784257	61782598
4304	3.954836	-0.2105535	0.82178647	690.71938	6.6385508	2.6193714	0.31473318	0.00019550148	1005448093.704948	1005448093	698781013
4309	4.120345	0.16340554	2.9877756	2509.5122	10.118827	3.486193	-0.1120884	0.14157255	1014425836.099254	1014425836	95040798
4324	1.0645807	0.16911509	2.4057078	737.48102	8.6061015	1.4558168	-0.11190326	-0.065653181	1022741908.099778	1022741908	88318825
4327	3.3112459	0.71250309	2.3725937	1320.8851	7.5824781	2.6724588	0.062885224	0.14146322	1016348611.072851	1016348611	89982986
4341	2.8522351	-0.065482167	2.2566955	871.18634	39.139814	2.9799771	0.052985841	0.51899888	1014449004.749127	1014449004	762440801
4401	1.9678303	-1.4525936	1.4559394	395.05621	11.121823	2.7223579	-0.010604905	0.22081707	1004190962.786981	1004190962	774195433
4426	3.4006435	0.6892498	0.35353224	3423.5737	31.47815	3.7969309	-0.15423423	0.0041430071	1008507306.178692	1008507306	198066354
4437	4.1402625	1.0969076	2.0936568	1340.064	21.790525	2.8328748	0.17538507	0.26387688	1025669276.520447	1025669276	539604902
4498	4.1202761	0.99355261	2.5868044	248.88222	11.901358	1.8824562	0.094157101	-0.086027956	1024568536.899854	1024568536	909860134
4502	1.091807	-0.32711823	0.65140238	406.31443	7.7843242	2.496067	-0.17898592	0.0005537488	1008616274.019618	1008616274	5726576
4571	4.699533	0.21685874	0.40013979	2124.5711	8.8728346	2.2068487	0.36852266	-0.0048276229	1005079978.070364	1005079978	85372806
4603	3.4440542	0.052817061	2.250305	805.47299	3.8180361	2.9582485	0.32360837	-0.69737443	1001057742.341712	1001057742	325834870
4643	3.881775	-1.1191497	0.48018755	4876.9097	29.876477	4.8436635	0.53758286	-0.023169183	1019753446.551789	1019753446	542167187
4647	6.1021241	-0.21436798	0.84310333	802.32833	7.7297867	1.3765505	0.057852802	0.050878978	1003251457.808726	1003251457	800512075
4650	3.3536212	0.60527811	0.67762738	1675.1685	11.052989	2.6087954	0.38450261	0.14645211	1004303229.191593	1004303229	198649645
4657	3.3873802	0.52480535	0.16175586	1554.0878	9.7771549	3.4604148	-0.36376253	0.16128111	1028944764.104981	1028944764	119452119
4658	1.7156366	-0.6998355	0.96041065	1244.6296	12.365743	1.7261909	0.53375955	0.025057126	1022158478.978339	1022158478	962854385
4662	5.935824	-1.220242	0.80926614	720.83353	7.019819	1.5380214	0.3102781	-0.14606291	1010380481.565623	1010380481	552830219
4730	5.7097058	0.98180629	2.7227313	1291.9752	14.753312	2.6177058	0.064476601	-0.011135921	1011040764.323168	1011040764	340443254
4791	5.4213291	-0.81448013	0.59580936	2854.8334	22.432754	3.9775028	0.69212054	-0.29835121	1003743118.870343	1003743118	850010395
4870	4.3192815	0.44050435	0.30278773	3051.3162	11.50105	3.2756313	-0.4035353	-0.015546101	1019199831.010751	1019199831	25817752
4913	2.9260681	0.20663886	1.5130449	552.65679	7.3805883	2.6914698	-0.11954402	0.30333878	1000477608.815161	1000477608	824512482
4973	3.6845846	-0.40360489	2.5388099	1333.8531	10.695328	2.5167887	-0.48870382	0.14533325	1001916725.365435	1001916725	353794098
5023	0.8514313	0.53769054	0.68768939	1393.9353	12.745595	3.3154871	0.18160626	-0.29048227	1015029482.10351	1015029482	122474551
5052	5.9876987	0.92165377	1.1358687	940.60923	10.877584	2.0822714	-0.40888481	0.088040934	1021499486.160638	1021499486	170774579
5085	1.2853875	-0.30892433	1.072788	1392.2373	10.656699	1.9738234	-0.7110096	-0.14964656	1022998197.740627	1022998197	722414613
5187	3.1101992	-0.14704423	2.4758335	1070.9708	14.231979	2.7293973	0.66091093	-0.088800229	1023892843.274475	1023892843	256512880
5386	4.7261579	-1.4565613	0.50342535	648.6239	7.7145622	1.8418564	-0.30979148	0.19019968	1014475038.706147	1014475038	691834092
5392	6.279846	-0.88556099	0.7036318	1575.342	13.894933	2.6467954	-0.11587204	-0.21153905	1031535086.239641	1031535086	231071472
5465	4.4980386	-0.58297895	0.52489205	1766.8557	7.7359107	2.7763905	0.41949349	-0.17662251	1008667677.780326	1008667677	771682739
5516	0.50387812	-0.68469152	2.5590713	2564.6881	10.827878	3.8977569	-0.78996059	-0.40852131	1029202282.241007	1029202282	220033050
5573	4.8679155	-0.18736236	0.28684741	1301.6135	7.6540163	2.776093	-0.68090865	-0.049376511	1003792876.698767	1003792876	708535433
5580	1.8469528	0.33774167	1.2112286	370.33778	7.3037747	1.4369154	0.22505715	-9.2292052e-05	1023679915.923739	1023679915	932644486
5587	5.2034527	-0.27299987	2.0065466	1130.8137	10.474126	2.3603968	-0.077678658	-0.23172909	1003243204.506592	1003243204	490462661
5664	1.1190841	-0.35446742	2.5726182	2716.3924	9.7850837	3.2832086	-0.35975703	-0.13019861	1030845026.729754	1030845026	727118850
5743	3.6890504	-0.11550531	2.4177786	1382.0671	15.404466	2.0422048	-0.054437034	-0.026149068	1011219767.701259	1011219767	681618333
5755	1.5524319	0.89326582	2.1034501	898.29066	17.641294	1.592391	-0.19343666	-0.054091071	1017977190.204792	1017977190	216570258
5828	1.2179453	0.71423123	0.23212126	3238.8346	23.763257	3.2853389	0.33899712	-0.023009663	1012603121.811147	1012603121	825700641
5843	2.6940123	-0.29516627	2.1491927	1520.1915	8.4258074	3.5345856	-0.61145994	-0.009715659	1030088779.549319	1030088779	533098340
5855	6.1161199	0.25967526	0.4539339	539.90494	7.0517691	2.9499849	0.15063215	-0.48031895	1018023750.121138	1018023750	139679313
5867	5.8031395	-0.083152491	2.8699693	1661.7753	16.624349	1.8329353	0.29063374	0.052249317	1027406747.461756	1027406747	482895136
5911	5.2129948	-0.031394651	2.0461053	949.22549	20.208749	3.2566132	0.022261918	-0.0068366174	1009659501.115082	1009659501	126822948
5923	1.4271924	-0.69565317	1.1407777	1185.4408	10.863561	1.4312463	0.017451001	-0.051136487	1008103988.484066	1008103988	471272826
5956	3.4769404	-1.2232998	2.5408045	1482.4769	4.4405021	2.039221	0.26767582	-0.0034592703	1026148219.155282	1026148219	134555578
5983	3.4732477	1.2902223	1.8070199	241.03908	23.841899	2.5722319	-0.020142264	0.0031033803	1019794388.23545	1019794388	250596046
6057	5.7393157	0.16448662	2.6793364	294.43528	8.1209455	2.6877541	0.30944641	0.065104258	1018616187.702464	1018616187	720453978
6064	3.8014832	0.54275183	2.224843	1566.1883	27.401674	1.8244698	0.13967436	0.23494806	1019262741.382025	1019262741	385653734
6097	4.7106494	0.038163444	0.61151649	1157.6621	15.240942	2.7705792	0.64053947	-0.035111685	1009787021.34934	1009787021	339239120
6155	2.6985222	0.70801119	2.3972954	634.13962	9.2184433	2.2797759	0.091851287	-0.052620455	1001483830.798035	1001483830	812030077
6250	2.7566072	-0.75763835	0.95822264	1214.2794	9.6723307	2.0203346	0.014973488	0.0842059	1026536161.538279	1026536161	524216175
6315	5.9234919	0.18969174	0.31732138	1308.8332	7.9272125	2.2455693	0.00076806762	0.15753373	1006963530.753526	1006963530	755549550
6366	4.3679894	-0.093715466	1.2861417	394.74927	6.0183424	1.6730671	-0.00024502913	-0.050298032	1008591283.609961	1008591283	609656692
6384	1.2784358	-0.52843658	2.4975607	1486.4196	15.065505	2.0936046	0.073725485	0.093105425	1005508421.657652	1005508421	636741996
6417	0.96213733	-0.70911221	2.8583241	1947.3204	13.245559	2.7899668	-0.43410486	0.028516701	1007562955.380121	1007562955	362666965
6420	0.38893928	-0.28671553	2.9114059	1716.2062	3.9569183	2.2868909	-0.41727467	0.04850055	1010651692.970666	1010651692	957129598
6449	5.0051701	0.010653862	1.761323	997.69621	8.1459846	2.5727631	-0.023704812	-0.14368911	1013832688.895003	1013832688	882416606
6458	3.9133633	-1.0140416	2.0271574	2621.1273	17.503872	3.859829	-0.73107231	-0.23506059	1017859839.974818	1017859839	952794552
6484	4.6369339	-0.68720388	2.3804259	638.08755	8.190066	2.3193811	-0.25605722	0.16896037	1025642320.186431	1025642320	170906067
6547	0.94998077	0.59764825	0.34880996	7549.3454	24.654187	4.3256768	-0.091836422	0.13309816	1020884474.039389	1020884474	52489877
6563	5.9710292	-0.4232644	0.32458515	2446.0474	14.039385	4.1137632	-0.17846334	-0.046422643	1024191518.351031	1024191518	332544327
6571	1.4187902	0.86399657	2.6952824	2331.63	11.246744	3.1918741	0.36891054	-0.0048383297	1013065182.283273	1013065182	299235582
6602	3.3278839	-1.4319831	2.4840933	1480.0224	9.4479909	3.0225851	0.29952114	0.033851405	1031402121.244537	1031402121	229550004
6619	1.6454465	0.39224009	0.31376802	1182.8817	12.013152	3.0057659	0.69622115	0.11166086	1013976897.902622	1013976897	910528183
6622	4.5709679	0.59616547	1.8607057	400.42755	7.5914096	2.1983852	-0.56459125	0.079188277	1005649261.43819	1005649261	453222871
6650	0.55874179	-1.0294092	2.4653806	1371.0797	9.4585036	1.5076774	-0.19178106	0.16096664	1019191210.559136	1019191210	541484356
6666	1.0339502	0.90496776	1.5911145	728.28093	15.031	2.5731718	0.71844986	0.024722916	1012892573.212901	1012892573	226913810
6682	1.4372063	-1.0372501	2.4304547	915.16675	8.9876772	1.5923503	-0.26077322	0.26646959	1002996819.360779	1002996819	350320935
6696	0.56990809	-0.6314844	2.2243054	871.78379	12.703051	2.9489051	0.62471689	0.77739446	1016534763.730604	1016534763	711009026
6764	3.0516512	0.71416832	0.20465482	963.18035	25.397264	2.5611708	-0.2073263	-0.016111367	1031074951.864071	1031074951	883677840
6882	2.0585872	0.26254124	1.7620622	1157.3654	10.554985	3.3056741	0.928716	0.036123077	1031368324.532247	1031368324	522712469
6928	4.7581988	0.51011108	2.5671644	616.17686	7.9044422	2.8652015	0.43410379	-0.035556396	1006033488.558828	1006033488	578234673
6949	4.4115978	-0.31100362	2.6015619	1904.6474	25.169827	2.0499252	-0.28856638	0.10446551	1014076246.761905	1014076246	745846033
6971	5.5112178	0.81122347	0.09301947	3069.8307	13.85623	2.4061296	0.051338016	0.10171475	1022847267.389062	1022847267	410559535
6979	4.0928085	-1.0566474	2.9087141	1166.2544	8.2165615	1.8597741	0.34954836	-0.00056835278	1018709118.123892	1018709118	110247970
7008	1.3764735	0.71127112	0.43276754	1686.3831	7.6519875	1.9355749	-0.0046911202	-0.13437338	1017956482.186466	1017956482	206430078
7047	6.1436791	-0.052893425	0.57343056	2659.3686	31.728136	2.9396229	-0.0024529025	-0.04260035	1017029544.461017	1017029544	445533156
7051	3.1463324	0.10553593	2.3242721	927.30737	6.9093035	2.8767817	-0.18002128	0.08274897	1018205209.59394	1018205209	581785083
7052	4.8820954	0.7598857	2.79911	1463.063	8.6427885	1.8714827	0.1172823	0.13425178	1012425994.518927	1012425994	534441233
7053	1.1298848	0.97926785	0.88113828	1192.3802	40.810719	2.2022998	-0.0022400531	-0.059029586	1030545358.619984	1030545358	638729692
7062	4.2381278	1.2813894	0.34495783	2700.0416	13.829893	3.3284342	0.10112825	0.32196543	1014893045.827209	1014893045	847611785
7101	4.8295172	0.11392524	0.56265654	1369.1414	12.86142	2.0384913	-0.30418652	-0.034373251	1020232887.605812	1020232887	613192916
7171	5.8451814	-0.16203172	2.8532712	2799.4584	9.580546	2.2794685	0.41454222	0.16235934	1005439902.628597	1005439902	644362211
7229	0.66978089	-0.064132858	2.7586261	1444.7095	13.938359	3.2419273	-0.093385467	0.42944589	1019510834.192123	1019510834	200643897
7271	1.9523441	0.48009621	0.59991814	927.00879	10.656319	1.8888177	-0.14215326	-0.089091913	1031334033.141244	1031334033	157860756
7279	2.1321312	-0.92535955	0.38779256	2893.2819	11.13307	3.5505342	0.034544338	0.090390477	1012509680.899013	1012509680	885147333
7387	4.9646336	-1.0277397	2.7958019	1694.6557	8.2927173	3.5631797	-0.42062179	-0.17519014	1003459790.794056	1003459790	780804038
7388	1.7767873	-0.13920037	0.47439683	767.40146	4.9002188	1.5428948	0.1283316	-0.19499885	1008644092.902126	1008644092	893050075
7391	5.9716504	-0.17726373	2.631878	2003.0932	8.5652972	2.8614245	0.37427478	-0.007672869	1014882255.071109	1014882255	58080554
7402	1.3200278	-1.3524782	0.60334189	1218.5959	12.822526	2.8810284	-0.029565678	-0.0055019229	1017758831.706828	1017758831	695278525
7408	1.8861568	0.61638719	0.17805189	3509.2923	13.388607	3.8577468	0.10237252	0.044572964	1021481367.773571	1021481367	781839848
7450	6.2615388	0.061375404	2.7602759	417.85039	9.1324811	2.6335438	-0.14189064	0.070702329	1030522680.59764	1030522680	613167524
7483	2.7603658	-0.66895975	2.1369974	1108.4625	14.748788	2.2604053	-0.012344618	-0.023092995	1020450108.71015	1020450108	695521832
7600	3.5718413	-0.19024514	2.7954554	3587.4814	14.796051	2.9600084	0.11933394	0.23179138	1009459202.95118	1009459202	959453344
7606	2.2710528	1.1594154	2.1920562	1323.5804	11.889498	3.5007579	-0.70273193	0.22977946	1021844612.346202	1021844612	361734748
7607	1.9951582	-0.84918925	0.36451661	1553.1026	8.1051476	3.3735728	0.15507623	-0.27422721	1028715413.246464	1028715413	230843902
7620	2.7901468	0.94287256	0.74616858	683.2599	9.129605	1.2246008	-0.95120917	0.034917103	1002383571.344778	1002383571	367313147
7653	0.43179446	-0.39732538	0.63386664	1696.5536	9.0081013	3.0803698	0.078163565	-0.1492463	1030064130.223111	1030064130	206378937
7664	2.8933858	-0.72358163	2.5674103	1391.8878	8.0715142	1.4179451	-0.16764514	0.031559646	1028707498.085218	1028707498	64078450
7702	0.71287911	0.51613962	0.62193611	2897.8926	19.37952	3.1872455	0.17093335	0.022903108	1020880758.428836	1020880758	449190497
7750	4.2998818	0.40020055	0.49319508	1642.3416	11.197625	2.6801537	0.48435272	-0.10741663	1002833698.560543	1002833698	579243183
7801	6.1472948	-0.93345509	2.6571878	2243.2994	10.130022	3.6509737	-0.56538114	-0.71509222	1029611542.319729	1029611542	300240874
7815	3.013173	0.99754146	0.41352672	1311.5736	8.0005125	2.8559404	-0.24135432	-0.0064923632	1027167258.524762	1027167258	543139338
7867	1.3141772	-0.24964338	2.3065229	1507.7481	11.047477	2.9081371	0.010910054	-0.24385066	1000431039.119415	1000431039	105479717
7868	3.7317402	0.49333243	2.0732924	287.71585	4.0145589	1.8716041	-0.61691325	-0.012238875	1006909627.548183	1006909627	551901579
7951	0.39246557	0.093916636	1.111763	983.17216	8.243551	2.2829085	-0.3364742	-0.022078568	1002137572.172971	1002137572	157627821
7955	2.5939406	0.16079607	2.0330739	862.37377	10.283254	1.5751624	-0.065043731	0.064586489	1007453501.705757	1007453501	719167113
7972	5.5323296	0.12480698	1.1275016	255.40609	40.576245	2.3330987	0.14398109	0.012427567	1022602742.958705	1022602742	961123347
8098	1.5816059	0.50307041	1.9339349	531.98207	7.3019458	2.1871593	-0.33499893	-0.01906344	1022637924.762566	1022637924	769998908
8159	5.1363033	-0.82742415	0.20772078	2863.3775	4.5439776	2.7198887	-0.3385759	-0.018086598	1005885073.645363	1005885073	620513320
8171	5.6324961	-0.25254006	2.0357902	661.90083	8.6299484	2.8113529	-0.34116595	0.0014594863	1007462205.892178	1007462205	878702044
8182	3.3657989	-0.84725053	2.9728665	2535.2499	9.2539445	3.5082982	0.36720662	0.22326298	1010445436.592389	1010445436	574412346
8228	2.1940194	0.58859658	1.416251	1229.9718	3.7594907	3.1808524	-0.052434874	-0.030798075	1015990659.728741	1015990659	748405099
8306	1.2523976	0.66542589	2.1700533	998.09042	8.2253013	2.695859	0.045649775	-0.12177001	1004669081.726512	1004669081	733526707
8317	3.1861112	-0.71798319	2.2283086	1734.3637	12.1714	1.8707999	-0.55760992	0.015864233	1013724191.354482	1013724191	334654093
8373	4.8366793	-0.076831836	0.23460917	1126.9765	4.6718247	1.4232869	0.27961319	0.051263238	1023183731.443283	1023183731	451384544
8441	3.2086975	-0.47200237	2.8463412	1235.3311	8.0898962	2.3353388	-0.025311911	-0.0067221042	1016652945.335815	1016652945	315666914
8447	0.11046231	0.73071774	2.7189561	1993.0509	11.884798	3.227964	0.58646976	0.032793669	1010111628.527954	1010111628	548460245
8455	5.9476465	-0.31814777	2.7714271	4179.0499	18.045885	4.4937033	-0.024880225	-0.1033888	1026155576.729573	1026155576	698322177
8570	2.6560224	-0.86398164	0.82352172	2069.1009	10.543101	3.2438386	-0.18504476	0.064219987	1000629798.07627	1000629798	68725109
8601	5.823544	0.96829259	2.3736535	1215.7783	9.4890369	3.0018855	-0.24777808	-0.23687226	1009500435.188138	1009500435	207656622
8652	5.4636732	-1.0435284	2.3561078	441.38769	4.3550019	1.560942	-0.694229	0.034272539	1021167915.608377	1021167915	589433551
8675	2.3173735	-0.33377522	2.7975746	1602.9969	13.621955	2.2102179	-0.06235097	-0.10455735	1000100072.28578	1000100072	269007683
8700	1.0742438	-1.3176936	2.3865609	1237.1643	12.566765	2.0426141	0.62273557	0.29057855	1029182814.05301	1029182814	40209651
8761	2.6577928	-0.22184687	2.2556221	1853.8815	10.176288	3.0772018	-0.063398194	-0.14681295	1018416308.30247	1018416308	310120583
8790	5.878369	-0.43158785	2.5364322	1761.1371	12.531781	3.2654586	0.40173928	0.0075815078	1018156040.423259	1018156040	404877782
8939	1.8534452	-0.24589365	2.5731934	1007.424	12.7726	2.5918473	0.27062363	0.2090833	1008724470.86883	1008724470	860462546
8952	3.3431212	0.23139494	2.6941803	4189.0423	16.811304	3.7444007	-0.027213428	0.16384846	1029456445.558396	1029456445	556918263
9023	1.6427458	0.093646742	2.8475815	821.27605	8.1055547	2.7313619	-0.048075775	0.11547281	1008373088.114746	1008373088	112020612
9042	1.0050128	0.15188488	1.8348763	804.74892	9.0314262	2.9940862	-0.79042658	-0.29148859	1023737079.623825	1023737079	641981602
9066	4.8228248	0.37699004	1.1692622	962.05567	5.8486213	1.3515387	-0.25476782	0.22781181	1004136057.674846	1004136057	691220164
9072	3.3203545	-0.27436238	2.4266382	1344.8313	14.041337	2.8508713	-0.1024703	0.031856401	1005786777.048628	1005786777	42104125
9121	1.5787704	-1.1931067	1.0686541	866.55447	7.1706683	2.0639228	0.44464911	-0.073531448	1008612272.915125	1008612272	896495461
9162	2.999878	0.0091050931	2.7608069	2855.6945	10.283913	4.1299498	0.028635282	-0.0087974609	1026979251.268778	1026979251	257763863
9205	5.7554349	-0.56452352	2.65065	1349.3898	7.9748676	2.1105368	0.068123926	-0.062868837	1028559362.148324	1028559362	134239554
9291	5.1956498	-0.12625414	0.58467589	2180.1227	16.356768	3.5804714	0.11016315	-0.24358228	1029952169.948295	1029952169	936932206
9292	2.092037	-0.49706149	1.1187953	343.27247	7.4496694	2.8010326	-0.10840036	0.054464113	1005540032.976965	1005540032	965686798
9296	2.611662	-0.085185315	2.1093609	1107.8645	4.0785338	2.3283081	-0.19761909	-0.17025104	1019736715.717777	1019736715	703034401
9358	2.5603854	-0.97454043	2.1138425	1200.9382	7.8357331	1.7006727	0.035448065	-0.015175324	1002792110.360289	1002792110	348904133
9552	1.525969	0.15071197	1.0043484	1671.5167	48.642327	1.8937294	0.73197069	-0.017807612	1021531530.501325	1021531530	486874104
9554	1.7180001	0.89690365	0.84505296	2896.3358	17.406957	1.9802567	0.068771069	-0.04023771	1005390490.625666	1005390490	638582587
9578	5.0987244	-0.9211757	0.68376783	860.55847	8.9840592	1.5044189	-0.17217583	-0.12666403	1016597322.43835	1016597322	421116710
9700	1.157823	0.6600563	0.7301676	603.25774	8.2078028	2.9862262	-0.29502139	-0.0047295999	1026898224.420637	1026898224	432031155
9801	2.057408	-1.1042193	2.9815437	5496.9058	25.280984	4.1982633	0.56063608	0.13273025	1009237359.245283	1009237359	233137369
9810	4.183847	0.53927272	2.525661	994.22007	16.979364	1.7763948	-0.21974586	-0.09577606	1025220708.065165	1025220708	71864009
9838	5.1618074	0.60473125	0.92504554	365.27005	3.492462	2.2281914	0.088319118	-0.013688716	1003000682.703579	1003000682	714356899
9857	1.1493985	0.58523794	1.3444536	567.08898	43.498075	2.820594	0.14138918	0.099624556	1030870390.576514	1030870390	591854930
9863	4.3612032	-0.51687654	1.9301955	236.03231	4.2111253	1.8106603	0.31172767	0.056490798	1011632607.318764	1011632607	312419176
9869	5.9648705	0.64456303	0.91343051	888.84267	7.5450513	1.5071506	-0.018303731	0.07571226	1018188173.47225	1018188173	486628532
9880	4.4729942	0.36209602	2.2520646	537.34646	8.0211642	2.2479378	0.094622399	0.17102978	1026692309.535915	1026692309	548547506
9888	1.196442	0.19194	0.95748041	1320.4383	7.6447378	2.9984344	0.29140761	0.14213662	1021655561.004388	1021655561	19328237
9953	5.5233732	1.0025712	2.8326775	3172.0744	15.513946	2.4831184	-0.28088083	-0.23977609	1015782810.207247	1015782810	218366981
9994	0.75851997	0.94419466	2.7050884	3534.8401	14.928306	4.1777553	0.70507515	-0.15254591	1018131173.377508	1018131173	398164153
10005	3.6360829	-0.39281937	2.4184856	1534.8377	26.701478	2.7099659	0.12473054	-0.022443835	1009082390.201514	1009082390	188867092
10011	1.2165064	1.2646526	0.59587567	900.06393	8.2399715	2.5748094	-0.6028429	0.00016674988	1003999625.886649	1003999625	900760412
10024	2.1194758	1.2825386	0.78244419	1407.6075	15.517386	2.2208738	-0.70891109	-0.013160285	1013413257.042316	1013413257	49191236
10108	5.7041759	0.064716271	0.36501487	1599.7425	45.955294	2.1906589	-0.025878391	0.083270895	1023932377.8077	1023932377	811294794
10186	4.7464077	-0.87024633	2.654899	756.33485	4.7134248	2.8585022	-0.21413914	0.02096104	1026409172.619294	1026409172	599330306
10191	4.2857827	-0.094500195	2.3149371	2353.9304	23.87233	3.7879385	0.2684335	0.036559603	1027046916.3069	1027046916	314375758
10194	4.6847409	-0.73167569	0.20785782	3985.752	12.006117	2.8208351	0.13287524	0.16234374	1005733899.442346	1005733899	420473099
10221	2.5489685	-0.45121475	2.8298612	3695.2736	11.933739	4.3475614	-0.0094275793	0.44720659	1001302096.245509	1001302096	223368764
10236	5.0298178	0.031030264	2.1797778	549.76584	9.1098925	2.2040199	0.65090573	-0.023026963	1024598562.567252	1024598562	551402211
10282	3.4992578	0.65935832	2.5409122	1619.5087	22.328537	2.7998001	0.40778234	-0.0071072135	1020588825.638802	1020588825	655950904
10287	3.7062052	-0.13926755	2.0415383	524.97987	4.4123958	1.4156789	-0.085726183	0.016713668	1022188389.116247	1022188389	106622100
10403	5.1641313	0.81218456	2.6893902	1876.4341	15.495198	2.654908	-0.067724789	-0.085929854	1017427486.740623	1017427486	759983540
10423	0.72354439	0.54347775	2.3231171	603.14954	10.254627	1.4908517	0.43779914	-0.078287695	1027125788.864432	1027125788	857550383
10436	1.7044265	0.20734663	0.69245234	638.44626	6.8990444	2.1337536	0.0038151978	-0.066553737	1009443734.256184	1009443734	271224141
10480	3.39016	-0.086079836	2.4791025	883.28651	19.076545	1.8617091	0.25676548	-0.040367586	1028820936.166615	1028820936	158461332
10486	5.5821	0.89664674	0.75664841	921.57315	10.141845	3.1071951	0.04902871	-0.047689516	1026452249.226723	1026452249	243831754
10583	5.8509131	-0.40898377	0.84684556	1407.6907	11.558645	2.2872036	0.20699054	-0.24555887	1010522129.140588	1010522129	138315797
10591	0.018720449	-0.37384802	1.7999789	1522.8657	8.8045661	1.9296524	-0.0084427526	0.23482688	1017726774.894984	1017726774	884633780
10607	1.1839292	-0.38583684	0.84997601	1600.9637	9.6065028	1.9390177	-0.08886584	-0.063473338	1019040480.912475	1019040480	893169522
10676	1.7319119	0.56399737	0.65060144	454.00539	4.6282061	1.3562237	0.069666985	0.13454639	1020672835.663072	1020672835	659323215
10679	6.1474315	-0.47239926	0.82115492	439.16527	9.2272689	3.1682847	-0.12335258	-0.098740663	1004276915.483154	1004276915	466689825
10706	5.6832907	0.47745076	2.4556187	1835.937	10.736532	2.8545098	0.76856008	-0.012247712	1015187611.919544	1015187611	930179954
10783	5.4658918	1.4132828	2.5208692	447.42986	8.8051223	3.0259526	-0.25962603	0.089254603	1015457502.152531	1015457502	167326450
10817	6.2480434	1.3361637	0.58219333	2102.0548	9.6092887	4.1268799	-0.0037804589	0.10180092	1022425330.630052	1022425330	644731641
10924	3.0261882	0.2229287	2.564439	1063.8704	10.771592	2.8550353	0.47349672	0.10335495	1017928843.298796	1017928843	297279358
10997	3.8760136	-1.2206058	0.95840319	1005.4373	9.0295772	2.3733564	0.011819511	0.13331051	1018435630.634455	1018435630	605787277
11003	5.8844714	1.3489654	1.6964435	1156.5099	11.133151	3.1819274	-0.62352608	0.018049841	1004320170.490822	1004320170	506510377
11008	6.0629693	0.7169648	0.39142335	1388.3019	9.720637	2.6602557	-0.21061856	0.10868241	1000096677.913831	1000096677	929722190
11011	4.3050623	-0.90697035	2.155996	14736.852	19.96418	5.8413823	-0.11583762	0.0042957933	1015339779.484	1015339779	474315524
11027	0.75195323	-0.01881944	0.46072802	1805.7773	12.837529	3.3064883	-0.59387428	-0.076147331	1020660206.785297	1020660206	776577592
11089	2.8259412	0.23164366	1.2235874	891.69112	15.018979	2.0057217	-0.6623803	0.12957431	1000656045.177096	1000656045	194728136
11165	3.7632578	-0.068625149	2.2747242	551.32982	7.6076131	2.1468544	-0.0043366491	-0.05833781	1028564641.684783	1028564641	677539945
11222	2.5039112	-0.29593517	1.6888972	576.37292	9.2343127	2.019811	-0.49723728	0.014268936	1016559961.753079	1016559961	736884356
11230	5.1779043	-1.0020638	2.0940527	1649.6359	9.8998769	2.1149647	-0.062546799	-0.0083536816	1029356926.996457	1029356926	968429327
11321	5.9817833	1.2527276	1.9633637	931.95995	21.622628	2.9358411	-0.19984638	-0.020177537	1001772223.414891	1001772223	424869299
11348	5.9537194	-0.51177781	2.3616544	594.02202	4.3913488	2.2264015	-0.18082985	-0.26434157	1001456834.066528	1001456834	57159901
11355	2.7898994	-0.38374143	3.0717989	1478.8735	7.791497	1.7978884	-0.10446533	-0.14371129	1029216558.634243	1029216558	621585488
11374	5.6456169	-0.64576148	2.6686735	2954.7987	14.325006	2.5247184	-0.051421099	-0.29086626	1015045993.413674	1015045993	398765564
11440	1.212196	0.3776311	1.4573562	869.22432	9.0374333	1.4884634	0.011873145	0.21701048	1028076481.991941	1028076481	995237470
11468	4.6756873	0.80640531	1.5047352	638.06045	12.083385	2.4316011	-0.83236001	-0.035650294	1002585519.082613	1002585519	103117228
11597	2.5753225	-0.22295228	0.41808307	5074.243	12.504574	3.4478898	-0.11628161	0.031011811	1027390614.07692	1027390614	78938484
11600	0.08664585	1.2192706	0.5846039	813.21462	12.935568	2.5431494	-0.25824814	-0.14663104	1021902269.693057	1021902269	708979726
11622	2.6317657	-0.92676789	0.52685613	1588.3835	12.582543	3.0009143	0.45806315	-0.062954166	1001969577.645169	1001969577	633511424
11705	4.0986789	0.075261696	2.5875122	3739.5517	26.867681	2.6664474	-0.093979792	-0.041203619	1012912212.44527	1012912212	452977657
11725	2.5493787	0.65612952	2.8382356	602.40566	6.1560732	2.6680022	-0.25645708	0.2232882	1008842767.230272	1008842767	251991272
11747	2.2059941	0.26457577	2.0339473	1027.5012	13.562138	3.1968437	-0.32863118	0.5825056	1010863053.109455	1010863053	95065355
11753	4.0404392	-0.47716927	2.5976548	1547.4824	4.5911562	3.4320872	-0.48927095	-0.026545467	1017875972.921817	1017875972	906083345
11793	0.34447285	-0.045136423	1.0781002	1157.8137	4.5184538	3.4778341	-0.36950085	0.17296151	1010844401.201038	1010844401	187869310
11823	1.9860535	1.3218438	0.78039239	403.82387	7.7558281	2.0966406	-0.12420252	-0.0098974132	1031365717.195618	1031365717	206016779
11827	2.9974762	0.51922223	2.7660204	1141.5576	7.6379699	2.1299824	0.1795113	-0.026004792	1023587685.952154	1023587685	971905589
11842	2.6938849	0.34148404	0.59244903	2111.8084	8.7367134	3.4169372	0.20756142	0.016658192	1020662276.739882	1020662276	750525117
11845	5.227801	1.039013	0.70488636	1406.1592	22.175408	3.3899171	-0.1405835	-0.022390166	1016321507.17804	1016321507	178100824
11863	0.57136629	-0.21057954	0.59029723	848.11221	7.6601387	2.0850697	-0.075800125	0.097934411	1004275302.224045	1004275302	221580744
11940	1.5022268	0.55716888	1.2892487	1233.7787	9.6368913	3.417672	0.12453172	0.42919401	1020461974.381404	1020461974	399430275
11941	3.0441247	-0.16856151	2.5121726	1533.9974	13.11989	3.2088104	0.0022482829	-0.16419999	1022754980.756377	1022754980	744267583
11954	1.7624389	0.2847264	0.4023739	3803.029	22.331324	2.1748331	-0.038856915	-0.026607173	1026073780.92625	1026073780	928182244
11990	3.0191639	0.26342327	2.4058824	2009.2651	9.683018	2.9601284	-0.69604704	0.1125143	1030300008.096986	1030300008	114493132
12055	3.6590992	-0.45114109	2.7294124	794.45603	7.532252	2.2159044	-0.4467036	-0.26606285	1006049324.41893	1006049324	401894093
12065	1.0442922	-0.16567555	2.7222661	1739.7779	12.748902	2.4356486	-0.036335135	0.041047716	1007414254.456556	1007414254	445111632
12072	2.98842	0.9465476	0.46198886	1589.0624	4.3365235	2.9618791	0.71358881	-0.10909523	1010428109.315176	1010428109	326890349
12084	2.2902897	-0.20863632	0.34939578	429.48376	12.950462	1.5054034	0.21748589	-0.0021974901	1010919155.282208	1010919155	290095448
12140	3.8246194	-0.021013918	0.39025259	1433.2282	11.19117	2.5013089	0.0067878255	-0.2839516	1030522542.066371	1030522542	55516839
12153	4.5550342	0.54225087	1.9518641	704.07259	9.3615421	1.5654841	0.59906241	-0.017509974	1006498608.879631	1006498608	884931564
12156	0.80896149	0.2419885	0.82366284	3416.072	36.640369	2.3478196	0.29917414	-0.19793708	1024707940.134316	1024707940	129627347
