simulation_id	longitude	latitude	inclination	distance	mass1	mass2	spin1z	spin2z
0	1.6661491	-0.91702632	2.6390425	475.54162	1.6035407	1.4825781	0.020037754	-8.1569522e-05
1	5.9971485	0.2547955	2.310982	171.82501	1.358987	1.3363608	-0.032369985	0.0092811933
2	3.6229343	0.58563957	2.6432339	136.76629	1.3955519	1.2669031	-0.01787775	0.045417526
3	0.51457126	-1.0153521	2.9566765	324.85696	1.4436703	1.4351684	-0.04684289	-0.019847606
4	5.9830292	0.95627987	0.48259436	286.34435	1.4254186	1.3979231	-0.031859985	-0.020428527
5	0.065679705	-1.0887234	0.63835012	194.34551	1.4984793	1.3784205	-0.031622022	0.024470997
6	2.7040567	-0.39850663	1.079266	106.31284	1.4571426	1.4261225	-0.032699733	-0.039143603
7	0.066162298	-1.2565751	0.50810262	300.75207	1.4712232	1.3354952	0.001606308	0.0063830181
8	0.37307845	-0.43503502	2.8834601	92.064951	1.4818763	1.2382165	0.017182337	-0.010662998
9	5.0874881	1.0580646	0.032352303	108.07353	1.4274235	1.3303476	0.046344136	-0.0074072967
10	3.9745839	0.49656095	0.2298142	119.31141	1.4919031	1.3790602	-0.049167928	-0.041087051
11	2.0193849	0.056592924	1.9161266	119.67165	1.3513995	1.3401503	0.016606715	-0.024101329
12	2.0425071	1.4369196	2.6032899	31.957308	1.4382164	1.425025	0.027224441	0.025417385
13	1.2936349	0.20900274	0.85637728	167.02659	1.3848495	1.1998395	0.005792924	-0.037343325
14	0.65005231	-0.50868992	0.72564183	114.38147	1.4376555	1.3874112	0.040865187	0.00052314086
15	2.8979198	-0.817129	0.50603784	235.30579	1.4425521	1.3200578	-0.025347845	-0.044315815
16	2.259286	-1.1365445	2.7925235	18.417266	1.2776922	1.1962046	-0.0017363536	-0.020508463
17	2.9056879	1.2707842	1.9704058	135.81483	1.4274414	1.371493	0.02349479	0.021762428
18	1.9437619	-0.38450881	2.1107735	462.70178	1.5120039	1.368803	0.043226838	0.048123202
19	1.6032731	0.50571732	2.7325576	236.56723	1.3448019	1.3181338	-0.034278182	-0.015275307
20	5.4293562	0.13417489	0.59296202	279.88357	1.5149178	1.3886649	-0.029069103	-0.011037088
21	3.443184	0.1814024	0.78492779	80.811006	1.3926179	1.2955896	0.03420837	-0.046598169
22	1.83562	0.4586396	0.29204783	333.81447	1.5014677	1.3542651	-0.038574308	0.045115449
23	3.1449831	0.10284024	2.1496501	203.72449	1.4951193	1.3165974	0.025673395	-0.02493766
24	0.76001756	-0.43612031	1.7467004	111.27517	1.4876469	1.3718284	-0.0019098525	0.031091741
25	2.8555272	0.53618581	2.3653622	192.31265	1.569042	1.4273834	-0.046352653	-0.016521003
26	5.7932387	-0.70698433	1.6944828	98.51743	1.2623139	1.2140036	-0.031766502	0.047109065
27	2.5716602	0.88136944	0.44577934	260.49536	1.5767626	1.4371989	-0.023700754	-0.049753957
28	4.3717974	-0.41336165	2.0776688	58.824022	1.3920939	1.2601208	0.047584685	0.0095786906
29	1.2460372	-0.4714884	2.4789307	264.70599	1.5225048	1.349331	-0.035579846	0.036129823
30	2.6190751	-0.91945412	0.65924323	297.99457	1.660384	1.5060285	0.009649137	0.04637346
31	0.27226585	0.07745962	2.7225028	205.09134	1.3768923	1.3453805	0.013319995	-0.026764687
32	3.1433295	0.43418349	2.9929583	169.4654	1.4597641	1.433608	-0.02225997	-0.026755147
33	2.1966371	0.31428303	0.073094225	143.67734	1.4783452	1.3103843	-0.0329352	0.0017563643
34	4.4774684	0.54934635	0.3786023	181.76342	1.4942324	1.4729593	0.034410246	0.014443295
35	3.1900581	-1.2925824	1.5065925	50.394455	1.4431672	1.262951	-0.016075675	-0.012407911
36	5.1248229	0.17467648	3.0700326	287.33362	1.4860234	1.3618383	-0.0040405808	-0.017036678
37	4.9998883	0.13156479	2.0790728	99.671757	1.5379732	1.2966411	-0.011006283	0.040634101
38	3.0759586	-0.48785586	1.0327287	210.22056	1.4574735	1.3744045	0.02370067	-0.013191711
39	4.3508961	0.75817656	0.73414287	192.75333	1.4631588	1.3026369	0.039500338	0.022073764
40	1.3751702	-0.46703729	1.9183487	87.565021	1.5015622	1.27452	0.010485027	-0.017005343
41	2.3066977	1.0246288	2.1312238	48.298674	1.3409733	1.2725638	0.044183271	-0.0080038085
42	0.30822611	0.30906007	0.90367609	290.771	1.4163474	1.2604447	0.0047095072	0.019413999
43	5.5494821	0.96150342	2.4469084	147.44054	1.3841691	1.2521896	-0.0086932997	0.029635459
44	5.2918127	-0.57083059	1.7186163	111.83362	1.3993266	1.2867809	-0.048250469	0.023502381
45	3.0073921	-0.16057523	0.50603762	319.16331	1.6157655	1.5304531	-0.047968996	-0.0012421324
46	1.6226394	-0.98727366	1.9779996	126.40211	1.4390764	1.3780477	-0.043032191	-0.035263478
47	2.4767271	-0.67572109	1.7971532	79.369075	1.4111842	1.1869831	-0.025247899	-0.049705617
48	2.7444202	-1.4862271	2.9367676	196.90156	1.4948597	1.4267934	-0.030359143	0.016948992
49	5.1284243	0.2598158	1.9350621	121.83074	1.502238	1.464404	-0.01687311	0.014772065
50	4.1098119	0.36640022	2.3454894	221.0376	1.467758	1.341529	-0.017112956	0.04828788
51	5.9051302	0.89147427	2.8999733	658.84934	1.6119353	1.5781551	0.033201099	0.00047396807
52	5.3682316	0.66546764	0.70076211	102.5898	1.455887	1.1903185	-0.029212761	0.0015949146
53	6.247787	0.32591843	1.2105733	294.56841	1.5430587	1.5092649	-0.046745227	-0.010258406
54	0.70555018	0.27950434	2.7058516	188.84724	1.4160746	1.3601567	0.0086981788	-0.011069164
55	0.26452254	-0.37696982	1.9024783	120.75093	1.4616566	1.3409832	0.0016728719	-0.041654614
56	4.6411839	-0.3127962	1.0974869	126.5555	1.561622	1.4215423	-0.011764786	-0.00022740084
57	1.9103822	-0.4255028	0.65576879	294.40651	1.4174472	1.4004469	-0.020417744	-0.013799274
58	0.71953116	-0.69707687	0.80138823	225.2608	1.376275	1.3618709	0.045798327	0.01498353
59	5.4082403	-0.38256573	0.71075912	305.74365	1.4882077	1.4422298	0.035205073	0.045979342
60	5.8789558	-0.36531957	2.8192632	211.54106	1.3186563	1.2724767	-0.0012324525	0.034513193
61	4.6260748	-0.74187415	1.361949	66.853486	1.373122	1.3095519	-0.0088031787	-0.012630246
62	0.94880771	0.37696026	0.46013514	377.34127	1.4729892	1.3875487	-0.039412421	0.041193838
63	3.3005912	0.66161096	2.8972973	416.57586	1.4062835	1.3406641	0.018081019	-0.013016786
64	6.0878719	0.4483674	1.8628483	62.024537	1.3593032	1.2964712	-0.040190319	0.0050235331
65	0.8021207	0.84379212	0.90031729	163.81475	1.4661975	1.411184	-0.049084779	-0.017410448
66	2.8172398	-0.64517575	2.1398185	125.67527	1.3184978	1.2909179	-0.027175404	-0.043984064
67	0.78536467	-1.0621833	2.4670375	173.57497	1.4672553	1.3742254	0.016345198	-0.039147201
68	1.2191877	-0.14589199	0.61579192	162.4372	1.4362194	1.3773403	0.048109641	0.035247034
69	1.9602538	0.69764788	0.23216416	235.42011	1.5519663	1.3787464	-0.041719789	0.011058168
70	1.1485974	0.946429	2.3380398	335.63316	1.4592414	1.3215477	0.033826424	-0.017710731
71	1.2212013	1.3617844	2.3317278	82.734121	1.4356884	1.4033331	0.011831514	0.014661726
72	3.5914157	1.0817035	0.39030658	242.90635	1.4614903	1.4057341	-0.035692033	-0.0024683628
73	3.6232482	-1.0429928	2.8032567	305.41265	1.546492	1.5293293	0.015725645	-0.022087235
74	1.6349989	0.11970944	1.0454228	120.7103	1.3874299	1.3539407	0.0494624	-0.023488996
75	1.0998779	0.18324504	0.45650245	230.85567	1.4488634	1.3942717	-0.0036726659	-0.031951982
76	6.0312702	0.49978689	1.2340786	150.74902	1.5150742	1.3465933	0.021916217	0.035223264
77	4.7571844	0.65113439	2.7681031	511.70382	1.5599066	1.5243629	0.013059218	-0.0053656142
78	5.303917	-0.70295648	2.7266147	404.56995	1.4023244	1.2609805	0.011591558	0.045524803
79	0.30862576	0.80514587	1.9557562	130.32163	1.3884563	1.3558285	0.021988091	0.044388466
80	3.7558125	0.38693987	1.3115605	101.76109	1.3881394	1.2205873	0.0078673117	-0.0038404391
81	0.49164946	-0.82726102	0.96624213	167.36235	1.5648978	1.5421528	-0.0078750087	-0.014132759
82	2.4929766	0.51910815	0.46699952	187.68885	1.5194648	1.3700503	-0.014065057	0.011505839
83	4.9980363	0.59401379	0.89392357	78.125628	1.3001752	1.2895152	-0.022208409	-0.013855633
84	0.94355497	-0.23686472	0.69719857	91.069663	1.5154543	1.3971003	-0.00024154724	0.0065018302
85	1.2138507	0.8908627	2.5951844	175.78576	1.3241885	1.3163315	0.031003711	0.019478754
86	3.098499	-0.37175419	0.65159435	138.34093	1.454243	1.3481097	0.045264845	0.038900455
87	2.9154949	0.070592939	2.557693	114.28988	1.3662406	1.1787121	0.043957851	0.039471549
88	5.8301885	-0.5497207	0.99415863	247.73095	1.444166	1.352289	-0.026277661	0.035010509
89	4.8564367	0.0089958502	0.40272453	203.38683	1.3598575	1.3035703	-0.026290168	-0.043561209
90	1.4549246	0.24253691	0.6855619	217.08712	1.43188	1.2597217	-0.027538558	-0.010729544
91	1.0474736	0.60454783	2.6978522	530.53628	1.6620477	1.4762498	0.049282716	0.021434474
92	4.031471	0.34390534	2.1021455	219.97219	1.5282294	1.4088516	-0.019005457	0.03240004
93	5.5954605	1.3321121	0.60940499	220.77374	1.5470705	1.3370975	0.048316451	0.032066278
94	5.7147301	-0.044020889	2.4526001	326.07797	1.4988928	1.3822068	-0.038234939	0.025626389
95	1.2575132	0.19767047	0.93761341	155.83015	1.3878938	1.174838	0.029436245	0.035479265
96	5.6076887	-0.14047514	0.67897107	183.65326	1.4202801	1.3485952	-0.039414924	0.0029813586
97	4.3114984	-0.62837488	2.6095669	116.36399	1.4764418	1.4146182	-0.022087152	-0.0040295717
98	3.8694162	-0.84721878	0.74513939	190.83507	1.3396037	1.2967442	0.0016543488	0.014244267
99	1.1488825	0.64815062	2.4018749	179.12339	1.3069009	1.2739407	0.022867617	0.015948536
100	3.1038789	0.51002878	2.576237	152.80186	1.4459282	1.399924	0.0042824683	0.045681248
101	4.846853	-1.5120291	0.98743065	114.05274	1.4122373	1.3753248	0.00013316252	-0.025536745
102	4.0044558	-0.34932314	2.5227178	190.76364	1.5688066	1.243504	0.0061706872	0.028849767
103	0.51256723	0.50564658	2.1084968	177.45465	1.4201963	1.4112534	-8.4748513e-05	-0.013724161
104	5.6595275	0.47928397	2.1792959	132.97526	1.4523899	1.3741167	0.029391964	-0.0088940333
105	5.245547	-0.01065441	0.25074213	370.3923	1.3785755	1.3573568	-0.013624156	-0.028836572
106	0.83981345	-0.2723871	2.8725667	304.96657	1.5195671	1.3251329	0.042893792	-0.020164646
107	0.34052325	0.13331411	1.5688741	112.72755	1.5249379	1.4212289	-0.0044787223	-0.01125219
108	5.4835346	1.0148018	2.3213761	289.19693	1.5080479	1.4745549	0.045439443	0.0472573
109	4.7270539	-0.16557062	2.3047972	74.88986	1.397789	1.3074435	0.013643338	0.022570992
110	2.0712658	0.71327951	0.71142627	193.38387	1.2831422	1.2564506	0.0089324209	0.031996414
111	4.6217538	1.0408177	2.465213	299.44898	1.5351308	1.4886996	-0.016599322	0.026504406
112	1.2974103	-0.64427257	1.0837155	171.54414	1.4669089	1.4023734	0.027917505	-0.014433809
113	0.76380595	0.18000085	1.8719496	118.42643	1.3522491	1.2894762	0.047978166	-0.0096563904
114	0.57099225	1.0030249	2.5672805	408.06763	1.5397321	1.5199339	0.019731042	0.0357982
115	5.7721017	-0.38747946	0.9992799	174.47501	1.4806287	1.4050818	0.034394544	0.047904155
116	1.8148269	-0.5048804	1.6084017	105.68429	1.3381811	1.2584265	-0.0040967142	-0.035972066
117	2.9599966	0.92772345	0.16433975	175.07275	1.508005	1.2441024	-0.0087291961	-0.011929425
118	3.5520778	-0.51312455	0.76890648	268.54422	1.4616419	1.1290564	0.032149906	-0.0095602241
119	2.6439178	0.68296326	0.474495	392.03915	1.5584419	1.3409261	0.039688451	-0.042931852
120	4.790031	0.095737099	0.90244836	132.86408	1.422646	1.372555	-0.018944726	-0.036852297
121	2.5921368	-0.82549398	2.4133864	307.3499	1.3156952	1.2885447	-0.047871426	-0.023514887
122	6.0968216	-0.6972725	0.35755234	55.582056	1.4176103	1.3756742	0.043781467	0.014222763
123	1.8835973	0.31375003	0.97036324	165.94474	1.3667151	1.2256472	-0.026722333	-0.007113534
124	2.0867478	-1.0546816	2.2472446	184.16838	1.4596216	1.4338534	0.016445609	-0.034371375
125	0.94341058	0.58134498	0.61309606	252.69528	1.4613199	1.2232964	0.039075864	0.029531396
126	4.2141921	1.4744574	0.93860635	166.79287	1.5195955	1.3456687	0.022280071	-0.049140402
127	2.9569903	0.61323147	0.71602085	105.40284	1.3634375	1.3162289	0.015877782	-0.034728621
128	1.804113	0.37750026	0.23073075	146.41568	1.4938476	1.26841	0.02582142	0.044674779
129	3.8346853	0.2061824	0.85052097	131.77214	1.2750637	1.2406012	0.031750895	0.0341461
130	4.3939317	-0.9994616	0.81629426	245.938	1.4351087	1.2704477	0.016358741	-0.030057756
131	3.2598236	-0.22885233	0.13319403	247.78518	1.3964585	1.335134	-0.034525601	-0.034194597
132	0.99116605	-1.2009338	0.43500654	372.15868	1.539279	1.3340778	-0.0012763288	0.023779414
133	2.3943979	-1.4311552	0.66047941	313.84358	1.4677003	1.4425574	-9.206355e-05	-0.01524417
134	6.1989485	-0.59408946	2.0814387	102.82961	1.5045299	1.3051536	0.0021796406	0.02046739
135	5.4809086	-0.14758854	0.4125869	157.96846	1.3929575	1.3618423	0.021303213	0.010261644
136	3.2825398	-1.1922261	0.50946362	78.511623	1.453474	1.3703563	0.025560629	0.033052675
137	3.1067007	-0.60668804	2.8892045	217.65205	1.4311641	1.2780974	0.046161283	-0.001344799
138	4.1440716	-0.33546595	1.8442885	80.637128	1.400783	1.0595996	0.012477039	-0.0023903194
139	1.714772	-0.78748716	2.2589926	164.79801	1.3883535	1.2168301	0.010315272	-0.019867065
140	0.40708754	0.19537013	1.2616038	110.11617	1.3346368	1.3056499	0.025717051	0.022264444
141	1.2351592	-1.1325008	2.8738631	201.02069	1.3510776	1.3069684	-0.040017647	0.027931126
142	4.9357014	0.085454877	0.54964161	261.15035	1.5552604	1.3103834	-0.002596529	0.021210378
143	6.2214986	0.15285842	0.58370069	249.71304	1.3751943	1.3404837	-0.020177019	-0.033437215
144	4.1673483	0.32171212	1.2600943	94.356754	1.3010744	1.2260742	-0.040596521	0.030438092
145	6.0594999	-1.4283774	0.91577464	189.88865	1.3823917	1.3494391	0.010358219	0.013037475
146	0.31640906	1.0478205	0.21016601	288.68419	1.4552577	1.2686585	0.0099888985	-0.00085146842
147	1.463866	1.4391909	0.90480291	212.11334	1.4805195	1.4179177	0.031973136	-0.025674196
148	0.81926621	-0.72368409	1.0447022	255.90453	1.5077732	1.3284754	-0.017567092	0.014340299
149	0.47078075	0.39434089	2.5590731	346.2683	1.6284768	1.4252761	-0.015347514	-0.0096722292
150	1.3695349	0.13089915	1.9254089	145.03568	1.566925	1.4382021	-0.030606948	-0.027908494
151	5.0820912	-0.59009727	2.6364608	95.647893	1.3310635	1.122279	0.01688271	-0.024057543
152	0.71145964	0.066431899	0.25493645	261.02119	1.4381631	1.3727604	0.026898986	0.00975863
153	2.4101748	0.64676222	1.4787157	85.56648	1.4172727	1.3294651	0.018434106	-0.049832445
154	4.1277535	-0.34462831	1.8976815	100.32602	1.3878608	1.3319559	0.031713179	0.015238322
155	3.2570612	-0.94377308	2.7086471	127.48677	1.386036	1.2292599	0.035640308	-0.023588545
156	2.3320571	0.27956596	1.1144725	211.42181	1.4505767	1.2386261	0.005226882	-0.00086918055
157	0.9893524	0.10512127	2.5496517	170.11778	1.6337693	1.1738297	0.026114292	-0.011073793
158	0.61903444	1.0636603	2.4939905	191.58759	1.4063949	1.3627579	-0.0022338703	-0.039323021
159	5.3866849	-0.23214516	0.26083712	183.34363	1.4396542	1.3629574	-0.016398907	-0.025391371
160	2.2934744	1.4073471	0.51649189	292.2601	1.3387678	1.3281017	-0.038053346	0.027055752
161	3.1750016	-0.57729427	1.725003	47.14712	1.4189301	1.3199791	0.018153287	0.025786936
162	1.8329844	-0.37156826	0.38186379	211.9074	1.4963288	1.374127	-0.01246564	0.036172567
163	4.3477904	0.98410048	0.41371418	173.40346	1.4583034	1.342562	0.03003585	0.027645402
164	3.7087499	-0.091982451	0.19542723	237.5752	1.5445779	1.2914702	0.013398253	0.010264694
165	0.97343336	-1.0637875	0.39746734	272.24034	1.3013894	1.1919507	-0.018216239	0.025334678
166	1.8151951	-0.48298602	0.39370164	142.81543	1.4291958	1.2805412	-0.035953783	0.0037066217
167	3.9185816	0.3820147	0.94635531	221.49618	1.3903825	1.270943	0.017641252	0.0085253436
168	4.9474606	-1.0391015	2.2673575	275.94239	1.4741813	1.4608856	-0.021377701	-0.037725069
169	0.015255494	-0.93900282	0.39178622	87.902338	1.3443026	1.2398607	0.049042537	-0.02724326
170	3.2891999	-1.1055395	0.43321881	356.14792	1.5634415	1.2644539	-0.04949965	0.035126987
171	5.4179442	1.3301107	0.66272918	131.14936	1.5058045	1.3413963	0.0083015891	-0.00041170764
172	3.3958217	-0.62983172	1.1590699	89.011848	1.4738441	1.3444672	0.0060556245	0.016638374
173	0.85899873	0.43575132	0.27318991	120.71876	1.3562987	1.350908	-0.045674463	-0.028903352
174	2.5898394	0.84844542	0.56890487	268.64914	1.5152062	1.5145356	0.021482319	0.0267337
175	3.4354268	0.67976412	1.8905617	171.76958	1.4391226	1.426761	0.01870841	0.0049378007
176	5.5260074	0.99283673	2.0300154	94.072789	1.3647724	1.3273106	0.0033377014	0.040280941
177	1.7079125	-0.073994649	0.6498436	38.222026	1.2728413	1.2199296	0.045957201	-0.028087638
178	0.56065878	0.48142447	2.7643513	100.75017	1.3824437	1.375516	-0.048579374	0.047943438
179	2.3409328	0.42434142	2.3619388	239.5743	1.5245166	1.5193875	0.024384347	0.042413412
180	0.17095879	0.29989888	2.6794634	216.74815	1.505017	1.4604376	0.032331983	0.017075855
181	0.66811156	-0.36071865	1.9794782	114.97622	1.3327417	1.317724	0.034677959	-0.042617862
182	0.5772652	0.24926674	0.78801375	63.484832	1.4265767	1.3148565	0.04330996	0.018843158
183	5.5560004	-0.53836808	0.62808295	170.79423	1.3938876	1.3530708	0.020205681	0.037183296
184	3.8719514	-0.57466426	2.4002624	165.01038	1.323275	1.2853783	-0.003463583	0.033853776
185	3.4039109	-0.59007973	1.2684977	88.180993	1.424163	1.3705671	-0.026969731	-0.0059932156
186	4.61139	0.33044993	0.40668008	268.6031	1.5448816	1.3581274	0.028223128	0.044787579
187	1.6485118	-1.0748115	2.6229941	172.27351	1.353469	1.2917481	0.042598066	0.036042545
188	2.7285108	1.1444746	0.20257607	192.80446	1.5301987	1.3369458	-0.038312548	-0.0098666817
189	0.677028	0.31178592	0.67748069	219.85337	1.3952075	1.3737855	0.020949433	-0.041733347
190	1.9780099	-1.0211809	2.244801	153.73655	1.4312971	1.3455049	0.049983481	0.033913038
191	1.5807693	0.44145085	2.4426945	395.80713	1.5225988	1.4038655	0.04470549	0.01033995
192	2.5643265	0.16358063	0.34715533	104.18626	1.4234796	1.3525175	0.040211477	0.0093823358
193	4.4345031	-0.70054964	1.711325	100.5571	1.5197267	1.3246471	0.02982288	-0.0097798157
194	3.948506	-0.351033	0.054743855	298.89121	1.5562365	1.4923938	-0.040786518	0.027271427
195	2.9842283	-0.56189207	2.6116859	227.01507	1.3030681	1.2788375	0.0038722127	-0.047709014
196	5.8727149	-0.75131183	0.23292457	145.02783	1.3949657	1.3239244	0.035556979	-0.033818048
197	2.6422832	-0.68682532	1.2239949	225.31376	1.4489108	1.3790658	0.025364853	-0.035578009
198	4.4072901	0.26110014	0.3506787	142.86799	1.2849808	1.242455	-0.028040538	-0.039251746
199	0.79741697	-0.30913276	3.0911295	348.76804	1.4711457	1.3930132	-0.044866899	-0.018481419
200	1.0828796	0.06716762	2.5130578	150.66821	1.4296196	1.3220062	0.0013950289	0.012253638
201	0.4011967	0.6390564	2.972428	315.58947	1.5011988	1.3848354	0.037081463	0.021609986
202	1.0567661	-0.20645689	0.94775129	67.059995	1.4724119	1.2629731	0.011176101	-0.016015957
203	4.856621	1.084959	1.1924937	339.96898	1.5170659	1.4059577	0.04787331	0.021050107
204	4.455529	-0.23875869	2.1837432	179.58695	1.4273284	1.3058943	-0.024453289	-0.0031433222
205	4.3128221	-1.0954951	0.91316677	201.84172	1.4858171	1.4764343	-0.025931226	0.0057278532
206	6.2744562	0.8908847	0.98843976	137.22754	1.5999287	1.3791214	0.018811133	-0.023493565
207	2.3061212	-0.48853187	0.67184504	57.286902	1.6376651	1.2096901	0.039166381	-0.0062655242
208	1.2292897	0.21823845	2.5222596	192.68139	1.4890978	1.2897186	-0.024227146	0.023919449
209	4.7071085	0.047216724	0.84897713	194.41174	1.5143422	1.3952777	-0.012191168	0.043411224
210	4.654386	-0.45628512	2.4275421	70.067865	1.4701766	1.2051232	-0.023316725	0.04495279
211	4.1690418	0.29992682	2.2211722	238.27976	1.4706024	1.2755529	0.027664202	-0.0092044006
212	5.7997146	-0.25547849	1.9411801	221.56387	1.5321158	1.5238411	-0.048109704	-0.032619308
213	2.3511981	-0.29426826	0.67476123	83.797167	1.4125245	1.3259339	0.027102353	-0.017068398
214	3.1924564	0.4327763	2.862743	147.45452	1.4170834	1.3374552	-0.039995599	0.028057293
215	0.68722339	0.98779849	0.57095531	139.96355	1.402226	1.214397	-0.0027507144	0.040064675
216	4.7191556	0.47642144	0.46984847	386.56086	1.5761782	1.5245302	0.047770091	0.025219698
217	5.4066223	-1.2272793	0.30519905	384.44074	1.5072531	1.3469784	0.031687486	0.025608074
218	4.1751468	0.025117913	0.26890773	63.922131	1.2958233	1.2686661	0.0097018591	0.040554694
219	2.8414342	-0.71246216	2.7904194	482.28401	1.5618228	1.4286048	-0.027352023	-0.018953906
220	1.9311026	0.27559777	1.7358203	137.53744	1.5128064	1.2737691	0.035071785	0.033943596
221	5.5912102	-0.73830431	1.5474782	63.074863	1.429782	1.408816	-0.013744703	0.024043792
222	0.6049982	0.57380342	2.8341504	385.56976	1.490684	1.4133215	-0.0097538708	-0.0058087804
223	2.6591299	1.0762926	2.1362363	97.997597	1.3965876	1.2449765	-0.033831784	-0.027769315
224	0.78217057	-1.1249948	0.73882997	177.19551	1.5467395	1.2924222	0.0298335	0.021051974
225	0.65428127	-0.17605447	2.5004354	73.890326	1.3415899	1.1961456	-0.0032419858	0.020003309
226	5.3091191	0.89361644	0.49408194	299.22677	1.3852524	1.3367558	-0.022854233	0.038536371
227	1.5087543	-0.55171227	2.338806	296.82376	1.4837648	1.3832932	0.0016171065	0.0039753394
228	1.8136693	-0.86378944	2.4718295	226.88415	1.5303289	1.3874747	-0.0092294044	-0.043879584
229	2.1094349	-1.3261695	2.454854	166.59925	1.3333615	1.3044015	0.015276633	-0.010377386
230	3.4518442	-0.39368369	1.0132369	149.972	1.4605372	1.4233109	-0.035160494	-0.017244285
231	1.6057212	0.59542482	0.90919179	421.38453	1.5014901	1.4592303	-0.033509306	0.0047117335
232	4.5272825	0.54345665	2.2682414	161.42102	1.4193606	1.2383948	0.025670165	-0.017907668
233	3.8190714	0.048205085	0.32253391	269.61458	1.3780059	1.3401024	-0.011802618	0.00071093254
234	0.82090113	-0.025883199	0.2441101	181.80603	1.4709124	1.3612427	0.012585915	0.021108593
235	1.3943477	-0.2249481	1.6834213	79.582572	1.3794523	1.2252849	-0.025545816	0.026326078
236	3.3700937	0.60776071	2.5163795	201.89339	1.4585418	1.39112	-0.044984724	-0.012410434
237	0.19703434	0.62584377	2.1177214	88.590753	1.4102759	1.2584961	0.048594261	-0.011801837
238	0.81786451	0.47008217	0.82975678	111.88646	1.4452151	1.3768343	0.0098544266	0.012830645
239	0.38500221	0.1581851	2.4089923	152.00684	1.4363944	1.4327527	-0.0053874161	0.043007885
240	1.8888472	0.44034228	0.63439008	113.65407	1.521816	1.2186658	0.030945476	0.018547806
241	4.9797491	1.0863967	0.35560538	172.85594	1.4983042	1.363797	-0.047555253	-0.014005417
242	5.9843335	-0.43067086	2.4323933	207.72396	1.4400876	1.3548977	-0.0077830994	-0.039296984
243	5.219651	0.035043235	0.7309455	118.73163	1.5105056	1.4340804	-0.004194608	0.024225323
244	5.6528005	0.77485716	2.028717	78.212036	1.3007383	1.1839601	0.015088917	0.045986617
245	5.8909385	0.57387552	0.38426631	129.84845	1.4843451	1.4034589	0.035587629	-0.038147771
246	1.5986592	0.10498291	0.83907173	226.37192	1.474594	1.2848633	-0.0017841211	0.0039675852
247	1.8778523	-0.24600105	0.73894973	98.723826	1.3309072	1.2033961	-0.020074267	0.038902253
248	4.7457933	1.2087245	0.66008517	74.815207	1.3835255	1.379901	-0.048197239	0.04826354
249	0.098933519	-0.43118327	2.4996851	170.5705	1.4387452	1.3198456	-0.040492247	0.023131543
250	0.7512605	0.7959086	0.64951998	245.00998	1.5207986	1.4728616	0.021299544	0.0098400047
251	5.7124211	-0.42794906	1.2830487	88.246274	1.472108	1.3005561	0.018623604	-0.0016796715
252	1.0970936	-0.73870311	0.44293606	660.08363	1.6834582	1.6600173	-0.043026524	-0.01100426
253	3.3347052	-0.38009463	0.70052679	546.82979	1.5116478	1.4756503	0.011837813	0.039206386
254	2.5536906	-1.0317484	0.50366449	391.5505	1.3983436	1.3441128	0.0079537588	-0.046975078
255	1.6583535	0.38109002	2.6139723	156.44848	1.5254129	1.509719	0.041164961	0.0053185334
256	5.2915258	0.89636536	0.84050988	82.221173	1.3072905	1.285374	0.046331004	-0.046813155
257	5.5792513	0.85270622	2.666178	179.07096	1.3606251	1.2832106	-0.011160478	-0.024852898
258	2.6868076	0.60515136	1.4685756	161.26818	1.4215237	1.2468008	-0.002844195	0.0052464201
259	0.60070215	-0.63871681	2.0891164	279.06043	1.4883713	1.1608209	0.0025452919	-0.015227376
260	1.33835	0.4191695	1.0757235	132.43569	1.3432848	1.295098	0.012707688	-0.023049205
261	0.29247382	-0.41228434	2.8206398	223.04834	1.5039533	1.3577198	-0.04400802	0.023469841
262	1.9021102	-0.057368707	1.019005	94.613859	1.3782961	1.3247828	-0.018811046	0.032725003
263	0.62446548	0.098550308	2.6628134	88.485816	1.3659468	1.3638969	-0.045118075	-0.010640477
264	3.9049356	-0.51891381	3.0854003	263.99185	1.4940053	1.3083465	-0.031783994	0.015439478
265	2.7885716	-0.57449005	2.875774	362.53062	1.5101954	1.4512508	-0.0093255839	0.047727849
266	3.3921215	0.52878196	2.4058098	178.0929	1.3399363	1.2851614	0.0069699376	0.045104234
267	2.4835647	0.2581936	0.38279777	207.93785	1.5080155	1.4745369	0.0056243867	-0.014020468
268	4.1387548	-0.82214882	0.52386763	318.60155	1.4078425	1.3368648	0.041157912	-0.044285354
269	0.83207292	-0.88301602	0.90380717	181.59821	1.4578309	1.3598455	-0.038324214	-0.028472589
270	4.3044839	-1.204214	0.31006471	357.34887	1.424301	1.3661209	0.0026078926	-0.0050574611
271	3.2710135	0.3675236	0.16343071	105.13628	1.597593	1.4691314	0.021852083	0.0029186042
272	4.4671396	0.81081978	1.9624849	108.44211	1.4488533	1.285907	-0.01214464	-0.0042215787
273	2.4640759	-1.1479247	0.77412523	263.56095	1.4349226	1.4108964	0.045948162	0.0084261789
274	1.4457653	-0.033235952	2.9209696	169.92351	1.4292351	1.290436	0.0028833887	0.0046825238
275	5.5944394	-0.70693602	2.6022044	493.52021	1.6014701	1.3906126	-0.010541335	-0.004629059
276	1.1888945	0.35107382	1.2448826	78.699349	1.3600242	1.1893561	-0.031204207	-0.0022614874
277	2.9932586	1.1714873	1.8533176	156.43466	1.4590303	1.3693687	-0.031417977	0.04976546
278	4.6030876	-0.65171698	0.29299158	214.79944	1.4215343	1.2995876	0.029030125	0.024976998
279	4.3506375	-0.18126339	0.662716	55.42022	1.307776	1.2161908	0.0044959327	-0.040361136
280	6.1663472	0.72066164	2.6016182	236.30536	1.4212575	1.3943617	0.040089577	-0.012745138
281	2.8020066	-0.4787373	1.0062585	80.023087	1.3951093	1.3344403	0.0097067287	-0.016289979
282	5.6575054	-0.32502146	0.59604164	214.71494	1.4571133	1.3437189	0.017139568	0.023716462
283	0.73497034	0.30797684	0.65423195	241.76606	1.2992103	1.2654534	-0.023112127	0.047239859
284	0.23397558	0.45780256	2.109041	184.61938	1.4232303	1.3588011	0.046285995	-0.03823229
285	0.11436681	0.27661748	1.8403227	212.99723	1.4020696	1.350487	-0.016357345	0.025888839
286	5.8891629	-0.58286098	2.4945864	196.69285	1.4590125	1.2800605	0.006610204	-0.045073694
287	3.7988599	-0.56982504	0.27267777	285.32148	1.4401683	1.3887227	0.046816643	0.047491872
288	1.4299624	-1.0497894	2.977906	116.88786	1.370804	1.2588485	0.03825546	-0.026042384
289	4.204075	0.72729416	0.75881371	190.56817	1.4682992	1.3376399	-0.037576594	0.014390786
290	3.0487708	0.23937296	2.8634716	76.913474	1.4130242	1.241776	0.017985581	0.0046703461
291	2.718017	-0.50926292	2.5415379	83.94945	1.4109704	1.3380991	0.0058544654	-0.030094409
292	3.2509713	0.16242415	0.37199566	178.68057	1.4396711	1.3841058	0.027744249	0.044692832
293	2.1712747	0.27284033	1.9105612	212.8487	1.4844414	1.3818645	-0.029476727	0.019326565
294	2.0482076	-0.88984479	0.5638318	205.27767	1.6237711	1.0925541	-0.017994012	0.032064742
295	5.7287027	0.43222348	2.725564	275.1715	1.3808206	1.3347131	-0.044875544	0.043451721
296	2.3653419	-0.22768575	2.5204003	438.31788	1.5380139	1.3621744	0.023652229	-0.04920757
297	2.9259092	0.76158213	0.7517841	131.40503	1.3485898	1.3201846	0.024823245	0.0084828961
298	6.1425291	-1.0683565	2.72638	275.7787	1.3711364	1.3555742	0.027686376	0.016052703
299	0.66817125	0.17468688	2.6406653	160.33267	1.3007182	1.239766	-0.019877708	-0.033371442
300	6.2462326	0.69429647	1.1198334	129.29773	1.5919143	1.4566197	-0.045880496	0.024581781
301	2.5347586	-0.89389338	2.1798351	268.89569	1.5479175	1.3362249	-0.0019292112	0.033347483
302	2.9214697	-0.17020334	0.069256512	137.59672	1.4280414	1.2882985	-0.01146788	-0.016874483
303	0.42100524	0.0029765615	2.4688775	185.62944	1.4615929	1.4514138	-0.045434651	-0.03340462
304	2.3727422	-0.61640364	0.50150444	344.5022	1.4300071	1.3376987	-0.032649477	0.029670931
305	2.0157057	-0.04035714	0.89045422	75.410069	1.3408606	1.2976956	0.0090601018	0.019469067
306	3.1007058	0.70849457	0.75136378	157.81849	1.4995549	1.35129	-0.047477763	0.018065468
307	5.8561936	1.1696952	2.058796	83.811544	1.3094192	1.2464738	0.020158429	-0.035370738
308	1.5891543	-0.6300939	2.5727748	178.70094	1.4902409	1.4202243	-0.035193043	0.010574385
309	1.4662223	0.19557476	2.5550304	190.5853	1.4464445	1.3105781	-0.021071687	0.032095347
310	5.0909448	1.0988705	0.31962382	119.01139	1.4121132	1.267143	0.04271478	-0.02600904
311	0.79670065	-0.71016608	2.6628642	164.05353	1.4226714	1.4007679	-0.031390938	-0.044520818
312	1.9025467	0.65139845	0.71017165	100.99742	1.3907763	1.3575734	-0.0058054182	0.036931457
313	5.0345295	-0.10528752	2.3307377	168.79175	1.5311193	1.2996497	-0.011600087	0.035847136
314	1.0321468	-0.27632835	0.74596776	147.90426	1.4131386	1.313335	0.011036373	0.025839158
315	3.02959	1.4314307	2.3340038	52.03749	1.3895307	1.3889505	-0.04725102	0.036624053
316	6.1681908	-0.83250762	0.43519796	123.0404	1.5694396	1.2716047	-0.0066946047	-0.042361145
317	3.4432737	0.4070975	1.1471477	180.62924	1.4572505	1.3828362	0.032496375	0.045559929
318	2.5626577	0.82520031	2.4868393	158.53235	1.5459868	1.4497615	-0.013762168	0.018220573
319	0.42728549	0.55629482	0.46995537	79.684381	1.4584406	1.3097716	-0.030425642	-0.049905426
320	3.2128855	0.36156966	2.3883093	224.35816	1.6376528	1.3058881	-0.030789803	0.01736195
321	0.69371957	-0.045498333	2.3505962	256.95183	1.5289955	1.4097316	-0.023760854	-0.042378678
322	0.86236591	0.87402196	0.35147838	151.37401	1.3268252	1.2588268	-0.019542507	0.013754331
323	4.1694125	-1.1284753	2.9054401	221.59693	1.5780108	1.3007434	0.008233146	0.036041801
324	5.1120943	0.52319575	2.707987	155.83726	1.3118963	1.2930649	-0.0040805745	-0.0071653376
325	5.803416	-0.48465856	0.56294179	198.55681	1.4522598	1.3513005	0.010817746	-0.036728431
326	2.504986	0.4872655	0.98992459	309.95326	1.5058806	1.3537528	-0.039049555	-0.032832074
327	1.1223433	0.49049933	2.2762917	117.70651	1.3646717	1.284751	-0.045004556	0.039060704
328	4.6372531	0.13944752	2.372541	182.06492	1.4516017	1.2973877	0.014759623	0.0069060571
329	5.4221973	-0.63594092	2.7314109	201.92241	1.4532752	1.4442796	0.036306983	0.035182733
330	1.6009807	0.23095814	2.1866928	514.38018	1.5844534	1.5576769	0.043864523	-0.011757465
331	2.7406464	-0.56777879	0.13755881	166.60972	1.4412317	1.1574937	0.035735367	0.042556607
332	5.4863487	0.81492846	2.6819348	261.8818	1.5151098	1.4754173	-0.032895071	0.048112981
333	4.2822792	0.94369528	0.53480634	238.09509	1.5054814	1.3884057	0.041533927	-0.019918325
334	2.6037028	0.3246006	0.94874394	335.49851	1.5619907	1.5315771	0.00011516898	-0.029836876
335	5.705031	0.68843326	0.62244848	179.24524	1.3123692	1.1296538	0.036944531	-0.013117129
336	1.7146097	-0.60723438	2.641875	172.84092	1.3973031	1.3711667	0.0017364006	0.013569988
337	0.10129194	-0.28381355	2.6457227	251.20961	1.413635	1.4128776	-0.0076581732	-0.005302523
338	1.4291311	1.0787396	2.3494089	123.01725	1.5079979	1.4464669	-0.02436141	0.016727381
339	5.5739971	-0.2409116	2.2849283	196.81627	1.4719092	1.389022	-0.016018206	0.026365082
340	3.3760939	0.35928322	1.1604773	99.178872	1.4585248	1.3371949	0.0017153076	0.039302727
341	5.8139355	0.59594597	2.843253	74.723555	1.3235363	1.2845711	0.015776608	0.0062387941
342	4.3077808	0.55848585	0.52400382	246.66534	1.5366353	1.5212969	0.028033093	0.0080024146
343	2.5874951	-0.49957938	2.608077	79.329823	1.4656186	1.3757926	-0.0076288103	-0.024615869
344	2.275401	0.63249524	0.9689254	174.20772	1.4019298	1.3264198	0.0091067193	-0.025743632
345	2.1585846	-1.3853087	2.2078838	41.937075	1.4294932	1.4047325	0.017529282	-0.035814834
346	5.7666086	-0.59422998	1.235209	43.910384	1.3556328	1.2725369	0.01860839	0.049293959
347	4.0933634	-1.2650839	0.85566203	235.21478	1.6090356	1.4917633	-0.021771845	-0.028195239
348	5.9065973	0.57112187	0.16772765	278.85058	1.4643482	1.3729231	-0.037562759	0.009542058
349	5.2380121	0.1075653	2.9845308	164.92645	1.4192186	1.4025293	-0.022027735	0.02948884
350	5.7091658	-0.49435313	0.72743646	310.40402	1.4384361	1.2839827	-0.037079428	-0.037555597
351	0.87101604	0.053958939	0.70682633	109.17628	1.5083214	1.3960224	0.036645617	0.049970158
352	2.3262364	-0.94896652	0.51333118	134.99682	1.4291545	1.3660474	-0.029979378	0.021652506
353	3.5334497	-0.9017625	1.8903837	86.915151	1.4219091	1.2712538	-0.024781176	-0.03167362
354	5.0969777	-0.71921615	2.7960134	311.86341	1.3749071	1.3488088	-0.0027080932	-0.025361615
355	3.286479	-1.0178682	0.24535869	246.30963	1.3862449	1.3438281	-0.026064885	0.010983086
356	3.7143841	-0.13865599	0.27417178	357.02332	1.4218569	1.3567149	-0.029050041	0.027620172
357	3.1398039	-1.375413	3.0024256	194.37889	1.5241785	1.479132	-0.0077841554	-0.034014427
358	5.0161259	0.35873024	2.1189804	65.705546	1.2713713	1.213407	0.044744767	0.013164569
359	0.67412597	-0.0084004781	0.24746799	309.23381	1.498378	1.3701203	-0.048522633	-0.0097078968
360	1.567218	0.9434754	1.8519795	114.09006	1.4931694	1.2308509	0.048121815	-0.029955901
361	2.8780184	-0.34659488	2.3043534	307.72726	1.3653964	1.2908082	0.022801121	-0.011242881
362	5.1645821	-0.84543364	1.84332	180.44373	1.4160449	1.4145938	-0.04456984	0.0090834371
363	1.8133047	0.84310572	0.47635591	106.76898	1.3823412	1.3285734	-0.047107369	-0.027453505
364	4.6884729	-0.5739094	0.042578744	172.00597	1.4243435	1.3462607	0.040102358	-0.034671668
365	1.2226766	-0.6999154	0.46527693	321.60687	1.5194937	1.3803714	0.029481696	-0.029875827
366	3.6183502	-0.79540069	2.2154482	238.27193	1.5953065	1.5031577	0.0084586103	0.017744245
367	5.260445	0.82568114	0.77571877	110.7676	1.4229284	1.3514051	0.047523174	-0.046700373
368	5.4166861	0.43290287	1.902635	262.10356	1.5500882	1.3838832	-0.048474229	0.045942087
369	4.05692	-0.028652422	0.91823092	139.31573	1.3898602	1.2933518	-0.048427577	0.04655374
370	4.966893	-0.89549872	3.0224903	367.49345	1.5664264	1.5432089	0.033915566	0.036540774
371	1.7857554	1.1775856	2.4965131	291.63263	1.4916424	1.4321288	0.0065279346	-0.025008214
372	5.7718801	0.34353501	0.91153712	183.54125	1.3674196	1.319945	-0.0080904133	-0.004726855
373	4.5086652	0.54118929	0.35740486	240.1389	1.4843048	1.4463311	0.046287427	-0.024398418
374	0.48271975	0.43956558	2.8868274	530.52706	1.5912575	1.45238	0.014960907	0.032038043
375	4.4204226	0.57373433	0.52677437	213.68456	1.5266693	1.3489455	0.0074991204	-0.015769707
376	0.42701144	-1.4275308	1.9636549	168.66673	1.427859	1.3613071	0.02830304	0.014370348
377	5.6281866	0.19661906	0.5423915	334.4353	1.5657339	1.2226256	0.028971114	-0.011074399
378	0.022277967	-0.85244173	0.53870888	323.11733	1.5054842	1.3388097	0.016019049	-0.00013581355
379	2.4427574	-0.47393648	0.93640074	220.36939	1.5487696	1.2871057	-0.014039053	-0.041180911
380	4.1007498	-0.48814869	0.53784607	68.516126	1.386614	1.3621091	-0.022503905	-0.041035551
381	3.1876134	1.0752572	0.38916315	185.48156	1.4007212	1.3943396	0.026327514	-0.026356083
382	6.1607441	-0.34158866	2.465897	243.22057	1.5665661	1.2814184	0.049150104	0.010288885
383	1.6319437	0.96296928	1.1425455	134.3941	1.4129373	1.3240849	-0.010760006	0.022483422
384	1.9630449	-0.098564382	2.5554346	265.33063	1.4975653	1.4303872	-0.01507408	-0.0066890245
385	1.7403871	0.51061715	2.8427003	337.00682	1.4012746	1.3316002	-0.017297742	-0.047030958
386	1.3007455	0.79654167	1.0470397	15.322506	1.3896101	1.3641057	-0.046992386	-0.0081162939
387	3.2281346	0.68381181	2.0932732	156.66862	1.4782649	1.3392026	-0.023069699	0.033903371
388	1.7648293	-0.01808053	0.77786955	49.373282	1.3710708	1.3427444	-0.033803312	0.044956645
389	5.6081981	-0.89918978	1.2188134	86.631941	1.4648367	1.3467283	-0.0028796338	-0.013992366
390	4.4687762	-0.55557779	1.8372193	415.85335	1.5117071	1.4591251	0.042019785	-0.020109132
391	0.41512353	-0.36191441	0.62559847	358.59613	1.5224564	1.4615164	0.018689305	-0.045715874
392	1.5057903	-0.067356437	0.36095695	348.59209	1.4327796	1.3636774	-0.048971065	0.024872249
393	6.246545	0.2240924	0.45785873	189.45382	1.3524984	1.3164495	-0.037953021	-0.015341943
394	3.4948706	0.014564299	0.64286345	98.177797	1.33235	1.300671	-0.02887904	-0.030253095
395	0.65249911	-0.65226209	2.2538487	93.263391	1.4289509	1.3121001	0.017176842	-0.013290835
396	5.3219903	1.2252414	0.5992135	114.7768	1.4277808	1.3562162	-0.041459222	0.037112111
397	1.0273358	-0.22569289	1.1674596	199.5854	1.4371637	1.3587759	0.0048081084	-0.014488787
398	6.003803	0.86589566	0.80367073	189.41297	1.5109233	1.2004504	-0.02642965	0.008217013
399	0.32183609	-0.7267406	1.1163546	218.02649	1.4386825	1.3252501	0.0019874849	0.036056877
400	4.7200423	-1.0135086	1.1266067	78.71888	1.4053872	1.2914928	-0.0016453339	-0.037153123
401	0.4119193	0.90935575	1.6073926	87.854396	1.3667156	1.2502138	0.0035873156	-0.0029483424
402	0.74131901	0.78147487	0.39588167	56.160811	1.3947162	1.2955012	-0.024066186	-0.021511121
403	3.3029471	-0.14911779	2.585633	118.08186	1.4569598	1.3415899	0.018349001	0.047641242
404	3.5421667	-0.91060305	2.097482	140.74758	1.4838946	1.3616326	-0.00045408845	-0.011829185
405	5.2202769	-0.70669384	2.8481779	228.71683	1.5382316	1.5307121	0.0042120104	-0.0061071848
406	1.5178237	0.82170868	2.6020098	334.6456	1.5771797	1.3737375	-0.048314968	0.00866961
407	2.3869676	-0.14190782	0.57067087	223.40863	1.3859053	1.265743	0.026760807	-0.035560183
408	2.0765564	-0.49316374	2.8660824	268.98041	1.409501	1.3214619	0.006269348	0.021105009
409	5.5867893	0.41752989	2.1315175	193.68946	1.4776409	1.3700802	0.04612278	0.013448829
410	4.0490076	0.75758542	2.1349018	86.229299	1.453898	1.326115	0.0086714829	-0.028066029
411	0.94612758	-0.94445314	2.1196483	219.10268	1.4934923	1.4598703	-0.024129448	-0.019149661
412	3.4853797	-1.0166553	2.7030378	295.51245	1.3330283	1.3040641	0.023259459	0.0082805455
413	5.305286	0.46594726	0.39647143	254.36442	1.5517802	1.39367	-0.01105996	-0.029090446
414	5.5760669	0.57491551	0.44726768	132.91691	1.5175072	1.2079294	-0.037863957	-0.047674089
415	1.3526634	0.14599316	2.0541515	278.1037	1.5110181	1.3898682	0.02334886	-0.049341489
416	4.1563435	0.50577215	2.623216	311.0079	1.5022495	1.4798087	0.018037327	0.046589308
417	5.5575154	0.42379604	2.2548495	155.75993	1.4360587	1.321223	-0.010404493	-0.030733714
418	3.0820674	0.35078806	2.5407662	274.18949	1.4365927	1.3234532	0.017332627	0.046932117
419	5.2179106	-0.14103999	3.0779973	332.55253	1.4023967	1.3978107	-0.027040561	0.023886906
420	1.3113467	0.36468563	0.42987206	129.89327	1.5435302	1.2751122	0.028898994	-0.01081076
421	4.3491725	-0.050973934	2.6419682	324.79394	1.3445906	1.2948123	-0.027689648	0.03859082
422	0.91564622	-0.73804944	2.4501991	63.276953	1.453164	1.3624746	-0.047499545	0.025002464
423	4.2655128	0.044213602	1.0813016	157.45312	1.4867648	1.4226656	0.041036683	-0.039374989
424	5.5892698	-0.89203308	2.6432479	96.263661	1.4225053	1.3608056	0.025725378	0.043756264
425	3.4044069	0.80060738	2.1978563	196.15889	1.403681	1.3503535	0.049157603	-0.0056350711
426	2.0241551	-0.65329864	2.5835132	96.405512	1.464873	1.4075879	0.046166726	-0.013838453
427	4.5036982	0.96622045	2.2151847	52.416578	1.4382987	1.1883275	-0.023983322	0.048950324
428	2.3131745	1.0409201	2.224373	214.93588	1.5358894	1.339477	0.044802042	-0.025572039
429	4.7754724	-1.1819997	0.57394622	314.48139	1.3798067	1.3527624	-0.020724997	0.048399596
430	6.0978907	0.49289602	1.6764188	26.277838	1.4171484	1.3652228	0.018516549	0.020734903
431	5.9101171	0.84601175	2.4191691	132.92552	1.5800888	1.3295165	0.045884248	-0.022406061
432	5.064171	0.099105668	2.9476665	270.35598	1.4084279	1.3353923	-0.024006667	-0.014201749
433	4.9394662	-1.2574845	2.1194278	87.242565	1.482956	1.1609456	-0.024171201	0.048748063
434	4.8820993	-0.59123595	1.7123471	84.40443	1.4477998	1.316575	0.0013495043	-0.024826875
435	3.6550476	0.4440976	0.85240312	656.29679	1.7096999	1.5848521	-0.024098907	0.023984954
436	3.1375835	-0.40954799	2.8218868	239.37762	1.5348786	1.3425498	0.013270879	0.018746248
437	1.7655526	0.86771735	2.8619261	260.26998	1.5170735	1.2436783	-0.024395473	-0.019316557
438	2.4752648	0.54133871	0.35031602	121.11976	1.5286746	1.4580595	-0.0039088039	0.029957567
439	4.2805616	-0.34375265	2.6017888	172.32712	1.5169818	1.4544476	-0.026578537	-0.031729569
440	5.2339632	0.7696448	0.5964163	143.90189	1.4336662	1.4263955	0.029907345	-0.0080274707
441	4.4387918	0.63754393	0.80393331	50.179152	1.4606265	1.3533319	0.0018131587	-0.045761801
442	2.2629462	-0.055890156	2.3491026	339.66172	1.3524632	1.3217814	-0.040150425	0.037612466
443	6.2557312	0.25382578	2.7268586	78.98309	1.3728196	1.2859174	0.010848913	-0.012653854
444	4.0651543	-0.19386686	2.6670351	182.68245	1.4643251	1.3998973	-0.032946218	-0.038973243
445	2.0916139	-0.49472148	2.57223	170.56663	1.4311409	1.3156256	0.027487627	0.029489187
446	1.046569	-0.85048034	2.6105104	265.3028	1.4493676	1.386206	0.0086836996	-0.040200481
447	2.1823976	-0.079308782	1.6306751	66.532629	1.4231917	1.3521101	0.016807415	0.044706017
448	2.8962087	-0.98456552	0.19328561	287.69605	1.503931	1.4797816	-0.028820603	-0.028650337
449	4.3553358	-0.65797843	1.0221324	93.598386	1.3839243	1.2848866	-0.0055301448	-0.013672485
450	2.5504348	-0.051897912	1.0282759	151.21861	1.3374545	1.3366034	0.037792899	0.041540187
451	0.57703702	-1.0036512	2.2906141	346.48929	1.555696	1.3622624	-0.022191696	0.035884457
452	4.2270553	-0.091311104	2.0843822	41.152077	1.3480744	1.322824	-0.034588362	-0.043698484
453	4.9193745	0.65592707	1.1083054	120.41285	1.4813044	1.3265199	0.039445206	-0.016034145
454	4.2837432	-0.94488083	0.93830586	245.97156	1.5088237	1.4559942	-0.0045266084	-0.0027989229
455	0.79884995	-0.1568506	0.28181266	186.99235	1.4430278	1.4338219	-0.019286936	-0.0091978937
456	4.0681176	0.55320355	2.2288743	83.854875	1.3747839	1.3676447	0.039381431	-0.032532016
457	5.1636603	0.65679725	1.3358716	77.887819	1.2571269	1.2402195	-0.038975499	-0.04866082
458	5.9857805	-0.70356674	0.16395632	201.77546	1.4186265	1.407063	-0.003755049	0.0038910839
459	1.6267613	0.88864839	2.8815404	172.28088	1.3898239	1.3228684	-0.039463811	0.036347663
460	2.9905599	1.0698275	0.75720371	189.67568	1.4996423	1.3919303	-0.0005069804	0.022879116
461	2.6643905	0.063578924	2.532585	114.9062	1.4978607	1.3697488	0.0086810373	-0.013164485
462	4.3407795	-0.11044757	0.35705017	120.92219	1.4407475	1.1694719	-0.0015765781	-0.046090757
463	6.0026982	-1.0844073	0.59887934	181.83543	1.4197719	1.4055039	-0.049189836	0.014524194
464	2.5051832	-0.98284265	1.3629954	96.056084	1.2474689	1.2150664	-0.0062175207	-0.015562097
465	2.5878684	1.0603409	0.88947604	232.81419	1.4470179	1.3149078	0.035162351	0.028808959
466	5.6037584	0.88805337	0.99416767	251.74663	1.5545976	1.2112442	0.0039262653	-0.038369686
467	4.2384796	0.1979559	0.49080676	307.34641	1.453097	1.377085	-0.014303072	0.0063229871
468	0.70137944	-0.5560373	2.6177396	156.81807	1.4601044	1.3594156	0.033615988	0.0045880298
469	0.15740135	0.86981113	2.4720385	111.71886	1.4552663	1.4225736	0.0028311254	-0.017644183
470	3.2380872	0.28839101	0.48073338	146.69951	1.4913194	1.4519687	-0.012597835	-0.018214765
471	3.0656681	-1.2946427	1.2554413	102.17295	1.3343718	1.293721	0.046443891	0.043966611
472	6.0867675	0.70775209	2.5196852	373.91681	1.4486738	1.3188868	0.032051786	0.01014801
473	2.3191346	0.72630089	0.28502052	489.13234	1.4563318	1.3812049	0.016633542	0.033014211
474	1.7917921	-0.96690385	2.2304216	213.08782	1.3794417	1.3316742	0.012253056	0.043680172
475	0.00097764429	0.75976327	1.6477019	112.27714	1.3652194	1.2891798	0.021684605	-0.039373983
476	1.1023594	-1.2840525	0.48936793	160.88708	1.3745302	1.2894909	0.03560825	-0.023416738
477	2.4605821	0.25849103	2.8617027	230.38037	1.4829829	1.3436748	-0.025275456	-0.010570153
478	2.7592442	-0.64315691	2.4773173	348.93486	1.3534194	1.3187779	-0.02666574	-0.015899936
479	5.7851083	-1.3758005	2.1003483	104.18865	1.4484657	1.3578508	-0.010216364	-0.030285603
480	3.4466427	-0.69878237	1.6522028	172.36432	1.4168831	1.3093097	-0.017868905	-0.038382718
481	0.81392911	-0.94443823	0.70283157	145.77548	1.5593195	1.3566286	-0.029115313	-0.0028017893
482	4.8350851	0.17500946	2.8636975	219.06899	1.6144426	1.4005973	0.02006021	-0.047698531
483	4.532684	0.32037181	1.9052592	96.03885	1.2899611	1.1668126	0.028097957	0.041561492
484	4.9592471	0.66886768	0.54824653	216.63293	1.4110403	1.3742731	-0.035047844	0.028136209
485	3.1545071	0.49906865	2.3052368	75.950566	1.5612006	1.2345662	0.017343777	-0.0043426089
486	2.287185	-0.61119144	2.3787381	136.66098	1.5858379	1.3489514	-0.00065939645	0.014986653
487	3.5445858	-0.27225307	2.8063934	265.14462	1.4794289	1.3491571	-0.038948761	-0.040516847
488	4.6271222	-0.0012521479	0.8296081	320.83321	1.4078035	1.3978112	-0.03786412	-0.019500548
489	4.5367814	0.49797447	0.72513523	185.34768	1.4130417	1.4112153	0.020069436	-0.01394075
490	2.1625794	0.17154227	2.0691967	159.88271	1.39277	1.3050949	-0.026373677	0.011530302
491	3.4445893	0.89621015	2.6276703	377.60505	1.4606403	1.3770378	0.006121955	-0.04815709
492	4.1427515	0.93311196	2.7496638	189.64507	1.4835382	1.4470589	-0.039538448	-0.041441912
493	0.63817529	0.14743082	0.55433483	107.43441	1.3540444	1.3538757	0.048841495	-0.036690069
494	3.5148604	-1.041635	2.2246591	71.208036	1.4241728	1.3182066	0.037512678	-0.00023640726
495	4.6637442	0.28935017	0.6356586	191.37737	1.3796994	1.304274	0.025242612	0.04571035
496	2.0602542	0.91337996	1.0029866	99.147862	1.5585946	1.4195197	0.04162245	-0.028846862
497	1.221737	1.2136494	0.34126832	246.97169	1.5258949	1.3659147	-0.014193281	0.001622078
498	0.070321476	-0.93547075	0.7201249	103.5382	1.4480783	1.3691117	0.041302182	0.021590635
499	3.4863898	1.4186559	2.5950137	280.15407	1.4780692	1.4275179	-0.023054873	-0.038935002
500	5.0259267	0.26048901	2.2711561	220.122	1.4815359	1.3610318	-0.023430331	-0.039574871
501	2.4265603	-0.46853618	2.7896455	147.78809	1.3768002	1.3504937	-0.022622758	0.020012209
502	5.342661	-0.22428247	0.14570006	152.94181	1.3504163	1.307392	0.032032904	0.048925922
503	4.2117151	0.12859316	0.89042201	126.13818	1.5676279	1.3703469	-0.011955015	0.041080908
504	0.34551836	0.36603557	2.572809	362.50917	1.6912321	1.2796221	-0.017777647	-0.044433053
505	3.1620067	0.3119679	2.8174837	264.16268	1.4898218	1.3745916	0.027873088	-0.045989961
506	1.6942824	1.3683584	1.140675	121.33042	1.3703465	1.3320222	-0.030931152	0.028061812
507	5.5264396	0.25411813	0.85068886	90.832423	1.4472338	1.3866834	-0.044437286	0.03245257
508	3.8016911	0.056657382	2.2477681	279.66883	1.4471138	1.3796267	0.013346299	0.019255565
509	6.029152	-0.81316289	0.77230155	72.142061	1.2476472	1.225499	-0.023501118	0.014078498
510	4.7047416	-0.3784986	0.37778026	310.50009	1.5068807	1.4734546	0.026164557	-0.036338783
511	5.8211829	-0.4916176	1.4125527	153.62782	1.5181074	1.438354	0.048700087	0.024752088
512	4.3746016	-1.4213922	0.54784483	233.34975	1.3965728	1.2560275	-0.014352044	0.045986184
513	5.497646	0.79474122	2.1355226	116.12596	1.2629956	1.192872	0.046092427	0.0018616284
514	5.0423761	0.54401834	2.6936558	206.3512	1.3538835	1.3344244	0.03392373	0.037519163
515	4.04195	0.63524156	1.135038	209.48089	1.3803466	1.3597321	0.0075741905	0.031893716
516	1.2038296	0.90796165	0.65650545	312.66219	1.4746525	1.454689	-0.011252819	0.01540532
517	1.7880887	-0.22896452	0.61686645	172.04931	1.4746827	1.4308159	0.035303141	0.010461088
518	0.057956152	0.023576195	0.93939582	89.02069	1.4640921	1.3323448	-0.047562608	0.011452787
519	2.4891329	-1.2204648	2.4844193	111.94823	1.3323886	1.2918914	0.0054949704	0.0051208347
520	4.7239603	-1.3150893	1.7355545	109.46195	1.3942052	1.32482	0.049446472	0.03559172
521	0.64500547	0.47548767	2.4220046	229.58262	1.3974518	1.3375751	0.020166093	-0.012542776
522	4.7208584	-0.12067845	1.0065954	114.63675	1.4306352	1.4204994	-0.0037815047	0.040993635
523	4.3542644	0.5217914	1.9415444	160.06246	1.3838987	1.3152433	-0.017200537	-0.026960783
524	1.4103144	0.91280261	0.96879667	202.26364	1.3790532	1.2359502	0.0029674114	0.024812753
525	1.0128297	0.32830148	0.15127735	245.05591	1.4359141	1.3981678	-0.022681652	0.016069233
526	2.816549	0.074264225	2.794384	353.08578	1.3792115	1.3688438	0.0028910189	-0.02760944
527	3.7936773	0.60472673	2.4218413	239.61952	1.3551243	1.1617758	0.028520123	0.017631203
528	3.1394857	0.096997379	0.66498489	159.05667	1.4880648	1.4367884	0.012183557	0.0092285929
529	0.2809134	0.65933293	1.5054093	211.04047	1.5007995	1.3092092	-0.022598572	-0.022639311
530	4.6862434	0.75809344	2.3202166	147.30901	1.6467495	1.1295089	-0.046185013	0.029424634
531	2.3910834	-0.13563732	0.76493492	155.56485	1.2552979	1.1172995	-0.018322365	0.0019855448
532	0.53018324	0.044878929	2.9719018	121.01645	1.3597185	1.357368	-0.021813048	-0.029493462
533	5.9842389	-0.17653265	0.72402593	221.05183	1.3703426	1.356489	-0.036688799	0.046745008
534	3.2132178	-0.29334101	2.5304514	179.31957	1.3608543	1.3586903	-0.0077579099	0.042829616
535	3.7554027	0.7954014	0.25024401	186.4886	1.4772757	1.4286089	0.020808657	0.018745601
536	3.1343125	1.0327248	2.4511384	161.85514	1.3094132	1.288777	0.0097687128	0.017619706
537	2.4095335	-0.24272715	2.6866002	404.41923	1.5195836	1.2418152	-0.017736948	-0.0080642768
538	2.6359831	-0.022070046	0.6415623	226.12674	1.3203359	1.2834332	0.024654477	-0.00019254314
539	0.6853801	0.67897613	2.1717401	151.83263	1.4433673	1.3624983	0.023712754	0.024547407
540	0.47994883	-0.72243172	0.6090744	309.71994	1.5370369	1.4255225	0.03962987	0.043018225
541	5.3636249	1.3113703	2.3466534	158.37496	1.2877446	1.2318685	0.046556969	-0.01156142
542	4.2073835	-1.2545555	1.2614374	106.30328	1.4766037	1.3152011	0.017765143	-0.009737057
543	6.1046874	1.0375969	2.7466025	47.913355	1.3437071	1.3247414	-0.020371901	0.012308989
544	3.4155722	-0.044877988	2.3860588	116.96858	1.3514149	1.2350432	-0.039699492	0.049965196
545	4.0561228	-0.99477766	0.13186812	600.75553	1.5490799	1.3645026	-0.0051342555	-0.031408197
546	1.1877218	0.020498665	0.14747427	424.53096	1.4481155	1.408226	0.041103943	-0.0045627166
547	2.6299233	0.61142618	2.814928	344.2062	1.4496652	1.4383746	0.03768786	-0.049757561
548	4.3608062	0.87500585	0.27774659	220.6969	1.4245942	1.4068133	0.0021973226	0.037465681
549	1.800877	-0.068172927	2.3421912	215.18649	1.4337569	1.3388744	-0.025163445	-0.039206047
550	4.4156373	-0.045043072	2.3747299	69.37102	1.3390194	1.295084	-0.0087650496	0.030296261
551	0.84971585	0.79774508	0.24545154	350.32455	1.4293264	1.2569401	-0.024376916	0.03095416
552	4.0796433	0.1515326	2.43503	249.32356	1.4416038	1.3919607	0.0034623951	0.044759328
553	0.45912138	0.56126514	1.9867353	109.22885	1.4272554	1.3941422	0.048916262	-0.010093382
554	3.8829409	0.029678862	2.6252949	246.5227	1.3894247	1.3839533	0.048589636	0.016437637
555	2.0498989	-0.018301564	2.2457562	126.09664	1.4729397	1.4595982	-0.032227533	-0.016943701
556	2.296318	1.3401948	0.66813707	104.02749	1.4159025	1.3654464	0.024545227	-0.020049155
557	5.837924	0.277372	2.3052797	226.18818	1.4701254	1.4223609	-0.02686224	0.049878681
558	4.0179999	-0.57588262	0.31648131	215.02542	1.399626	1.3070684	-0.015841949	0.015451701
559	4.6825758	0.5107009	2.1079582	101.34957	1.401113	1.2549644	0.014217366	0.03289572
560	0.56194181	0.081534766	1.5635321	110.96082	1.4133747	1.3941903	0.030164577	-0.031514267
561	3.8559798	-0.29847564	2.9874422	280.19295	1.3544201	1.3129414	-0.022161061	-0.024520279
562	5.7506951	-0.58742501	0.54194021	271.27072	1.4028516	1.3719745	-0.037392637	-0.0044590955
563	4.7520134	-0.10068653	0.55358495	206.04957	1.42901	1.4039251	-0.024710926	-0.044056638
564	0.89483114	-0.62574881	0.67398089	72.674229	1.5054569	1.3399721	0.045180449	0.012109812
565	3.7395268	1.0025132	0.32488224	265.3555	1.4720881	1.3421178	0.013179364	-0.025439373
566	4.3834994	-0.61493981	2.9206776	525.05975	1.7427208	1.4420802	0.040587435	-0.010036556
567	5.7422809	0.59905276	1.0748554	56.536088	1.3075946	1.1903076	0.0080424629	-0.0077703553
568	5.0612461	-0.36107178	2.7886958	186.61486	1.3705652	1.2962225	-0.02331978	-0.0020685171
569	1.9426957	-0.60251641	1.2531592	235.70406	1.407831	1.2556987	0.023306707	-0.036909996
570	4.2243233	0.74172553	2.164378	63.775343	1.3334864	1.2610799	-0.043075811	-0.023629117
571	3.6915958	-0.72677831	0.69152267	182.21226	1.4572239	1.378354	0.039762074	-0.049148587
572	1.3611116	-0.34818885	0.30004859	144.06447	1.4885117	1.3873055	0.044879736	0.013899509
573	1.9093861	1.0143222	2.2923831	238.90055	1.3733961	1.3628127	0.011697214	-0.017126037
574	1.2719346	0.47085013	0.21790263	161.61657	1.3650996	1.3394492	-0.030055714	0.026410811
575	4.0185447	0.81071338	0.8783703	242.08341	1.5312481	1.3984055	0.023197226	0.017775382
576	3.8787015	0.053403583	1.0459711	211.53557	1.4732443	1.2896004	-0.0069628956	0.0029507729
577	1.3120556	-0.069620823	2.0743486	131.92378	1.4716169	1.2395023	-0.0486466	-0.0019695161
578	4.052833	0.055567973	3.069558	104.42599	1.402468	1.3566231	0.0053801628	0.043920398
579	0.11547896	1.0020814	2.4889968	206.49835	1.4034754	1.2542012	-0.028775401	-0.042396166
580	6.0052033	-0.59429948	2.6204645	211.77656	1.4589002	1.4104037	0.011863256	0.024413645
581	2.6554202	0.54164916	0.10237036	306.25005	1.5174631	1.3433363	0.039581524	0.036443004
582	5.6774523	-0.50605895	2.0792199	88.09736	1.3710058	1.2501411	-0.022750069	-0.031897985
583	1.7247063	-0.13326856	0.98026186	181.34711	1.5559963	1.3770253	0.019292481	0.039052654
584	5.3852182	-1.0888017	0.84510575	17.51249	1.3399758	1.2649036	-0.036333284	0.0066608202
585	4.2232158	0.69344666	0.65774484	227.6259	1.3983141	1.2516135	0.01398987	-0.046492995
586	5.8299746	0.20556528	0.69617435	202.96513	1.4259492	1.1398261	0.0084972886	-0.04752732
587	2.0816558	0.35603224	1.2796844	160.27025	1.4655488	1.3389347	0.015375368	-0.0009899612
588	4.1265583	0.52238667	2.4898584	312.09909	1.5194776	1.2998252	-0.028520688	0.044072592
589	0.81700494	0.095556439	0.79990456	147.577	1.3502167	1.2842939	0.016367869	-0.0036268902
590	2.7595211	1.0098285	0.3933963	352.65444	1.5212443	1.1960946	-0.030386883	-0.024370233
591	1.5734571	-0.12469066	2.5286203	75.444113	1.3906045	1.3588535	0.0071472084	-0.017190407
592	3.8603267	-0.22292414	2.5196865	153.74157	1.4400634	1.3273159	0.020907004	0.0056638979
593	4.6831225	-1.0279679	0.62560278	136.93362	1.4308218	1.287293	-0.017296564	0.015064629
594	4.5528887	0.85461612	2.1569226	219.50932	1.3250176	1.3187468	-0.031067354	0.0080542803
595	5.8481406	0.6639466	2.0394101	162.17119	1.4062108	1.2410726	0.023732766	0.0074589745
596	1.0936006	0.1985594	2.2336523	99.659246	1.5307957	1.355405	-0.0049374009	-0.040531028
597	3.7026702	0.9855718	1.1981156	108.67935	1.4807194	1.381181	-0.023550846	0.042650911
598	0.82775897	0.11989425	2.0583065	128.94447	1.5547174	1.4378406	-0.031024625	-0.044237341
599	1.4480184	-0.74131583	1.1101092	310.43466	1.6188006	1.3085584	0.021451993	0.021521563
600	3.6685765	-0.20812893	2.7497591	240.82834	1.5438487	1.316368	-4.0113029e-05	0.021180501
601	1.6305062	-0.56171914	1.0549896	203.1261	1.5153186	1.2713308	0.0031357662	0.011409085
602	3.9811696	-0.76659744	2.2623665	139.86356	1.3902714	1.3681504	0.024101088	0.03278592
603	4.117558	0.26948481	2.52268	137.37971	1.5094331	1.4510235	0.03629911	0.046919973
604	5.7096402	-0.052052707	0.70971638	184.07097	1.5852184	1.3340972	-0.037855329	-0.030048715
605	2.4759103	0.7003808	0.35741876	154.34898	1.5986061	1.3545608	0.026130933	-0.030712199
606	1.8695961	-0.39638399	2.0012655	53.89371	1.3008827	1.2958403	0.042410366	0.019324084
607	0.96799373	0.47816361	2.3274868	98.576487	1.4689114	1.141796	0.023956358	0.0080025276
608	3.2449362	1.1091711	2.3147551	223.68571	1.3860155	1.3742302	0.023818278	0.0069191055
609	1.0634866	-0.67153839	1.1822637	69.107205	1.4773897	1.4623664	-0.013199414	0.009683176
610	4.9848937	0.96439069	2.4336975	332.4768	1.5962767	1.3991778	-0.0036905786	-0.011024151
611	3.899199	-0.7626638	2.7088763	132.34185	1.4479742	1.269839	-0.015063892	-0.027265606
612	2.8346076	-0.75288958	0.60532268	248.22474	1.388731	1.3401716	-0.006997752	-0.019677362
613	3.3579979	-0.20982154	2.9922379	454.78367	1.4677434	1.4440604	-0.041871205	0.009011566
614	4.3838452	-0.55062065	0.25362307	268.4746	1.4630999	1.3966631	-0.03372252	-0.0080923928
615	4.068187	-0.29034439	0.42619804	219.44564	1.4303679	1.4062374	0.033380699	-0.041066983
616	0.12721833	0.79583151	0.88385314	291.7825	1.6186761	1.5420101	0.010556083	-0.0027382165
617	1.5010971	1.126913	0.66635864	195.02033	1.5027185	1.4100443	0.042559535	-0.042686178
618	6.2071326	-1.1523313	0.59954532	192.64844	1.4104126	1.3921833	-0.04314465	0.035814467
619	5.9474344	-0.38267534	0.19234366	127.70652	1.4385279	1.3736109	-0.019537626	-0.0417908
620	5.7284753	-0.69829203	0.20630503	247.39525	1.343451	1.2850935	0.041283992	-0.020951031
621	2.5527672	-0.7839448	0.36094862	116.67899	1.4672484	1.3687803	0.038598298	-0.016217048
622	1.012896	0.8459653	2.1710984	90.31629	1.3826364	1.3665702	-0.043617934	-0.0092136639
623	0.28150431	-0.42099772	0.66019497	142.85302	1.4334071	1.4089236	-0.035465087	0.0094756802
624	5.8944582	0.68266592	3.0030646	352.78265	1.5588937	1.4811151	-0.027035197	-0.048116245
625	5.8957585	-1.0111523	2.7659935	191.7146	1.511213	1.4890933	0.02804361	-0.020545231
626	3.136557	0.4935513	2.5799608	116.76023	1.4638365	1.3150735	0.030253792	-0.048891046
627	3.6014603	0.63296367	0.77287593	139.75881	1.4641992	1.4041696	0.025003284	-0.049621676
628	4.1733291	0.20208101	2.9923885	393.85298	1.5005887	1.4400054	-0.048823054	0.027187345
629	2.2069731	-0.87265263	2.4040022	25.822208	1.3796125	1.3024157	-0.011836645	0.02861701
630	2.1052031	0.61122131	0.72260248	128.69349	1.3713046	1.340764	-0.026684458	-0.0069208806
631	4.2062435	-0.30302841	1.1269651	50.990618	1.3483424	1.30436	-0.029731877	-0.0092653321
632	4.1565588	1.0431789	2.0861277	126.29979	1.4162009	1.2341694	-0.049722655	-0.014793375
633	4.272224	0.66157654	1.7766816	136.22297	1.4241597	1.3914604	-0.043861975	-0.047172043
634	0.64274935	0.15793851	1.5728807	79.059035	1.4575842	1.2981694	-0.042748928	0.015626604
635	3.3923016	0.50679132	2.3302068	123.55811	1.3531979	1.3088103	-0.018283256	-0.0061394188
636	5.481176	-0.57735259	1.8254476	262.20666	1.3063833	1.240758	-0.017121018	0.0042882444
637	1.7267262	-0.50220187	2.2718177	238.90295	1.4980958	1.3812925	0.025127026	0.010298334
638	6.2250634	0.7898834	2.945766	121.70699	1.514868	1.4991139	-0.024324968	-0.0077332318
639	4.2814196	0.42203907	0.58891052	144.81817	1.2974911	1.2675815	0.036556782	0.043020484
640	4.9847673	0.14684185	2.5307358	252.14584	1.3903668	1.1989538	-0.017524207	-0.015152215
641	1.7329225	-0.77532734	0.45363663	197.26513	1.3388375	1.3160859	0.0061707342	1.995676e-06
642	3.5075728	-0.44544433	0.40004526	88.12355	1.4515552	1.4035106	-0.035754356	-0.00065001437
643	4.9445886	0.52126949	0.84101868	275.95869	1.5252647	1.3080314	0.01231019	-0.0027067525
644	4.2397564	1.061317	2.842664	173.01951	1.3517562	1.287518	-0.023946739	0.0013078378
645	2.1622827	0.097572709	1.3158579	181.18681	1.5975272	1.4712401	0.013969417	0.022182318
646	4.4322035	1.3859487	1.0280285	193.01332	1.3109191	1.273338	-0.022736868	0.03302487
647	1.5399156	-0.19630108	2.0754693	185.36902	1.3155811	1.2872744	-0.013376446	-0.0017904606
648	6.0798384	0.35514315	2.4623625	217.56341	1.4724585	1.299692	-0.035570168	-0.0081354501
649	1.0649302	1.0451482	2.9414818	411.1811	1.6489999	1.4288264	0.016560634	-0.015860846
650	4.8619397	0.096538069	2.3760389	228.44179	1.4686584	1.3621357	-0.021238975	0.04262322
651	5.2806967	0.23429376	2.6869191	112.73019	1.3605282	1.2628231	-0.035648695	0.02013599
652	4.2077659	0.028309165	0.4635639	101.95335	1.5147384	1.4687905	-0.0056597176	0.04975373
653	5.7058786	-0.60213252	0.24123629	233.54118	1.6376232	1.3674655	-0.011520294	-0.01274814
654	5.2243545	0.27106863	0.77708072	167.52141	1.2982482	1.2656269	-0.017072008	-0.039536641
655	0.9347608	1.2145884	0.27705205	228.44441	1.3631188	1.3541696	-0.040758516	0.041050047
656	4.3732447	-1.1801823	2.7799414	626.32736	1.5747352	1.5298809	-0.0032244641	-0.025685294
657	3.3116485	-0.37001867	0.58763929	163.30667	1.3188393	1.2994625	0.02518841	0.0047317695
658	1.7899041	-0.34097563	2.7484489	189.23601	1.4467378	1.4443198	-0.0054977403	0.028599351
659	2.3037072	-0.30954607	1.2782447	103.43984	1.4377878	1.3093749	-0.019086328	-0.0033282629
660	6.2596338	-0.19622587	0.70111509	189.82527	1.4664407	1.4189131	-0.022936712	0.021719581
661	4.3109962	0.13658258	1.0612984	201.75909	1.3743693	1.3277702	0.041027994	0.015258943
662	1.7078533	-0.46197966	1.9645716	28.60033	1.4541926	1.3440308	-0.0042087854	-0.045279667
663	1.7305988	0.90483242	1.9402216	92.421098	1.2932229	1.1836923	-0.034037475	0.045398543
664	2.5770939	1.2196272	0.53861023	106.5333	1.4430082	1.1926494	0.0068030485	-0.023564972
665	2.8753161	-0.32024512	0.92047853	256.53901	1.5820317	1.4037476	0.014335847	-0.0052587502
666	3.675669	0.63830987	0.82830403	44.671372	1.3754426	1.199503	0.027170186	-0.044973941
667	3.896654	-0.32799527	2.6946591	215.06169	1.3792912	1.2072378	-0.0066477225	0.028417968
668	1.7427994	1.2439747	0.25872003	175.44209	1.5148034	1.4871399	-0.030578479	0.026312248
669	4.8136549	-0.02082364	0.3539708	269.65806	1.4607598	1.4352777	-0.021265156	-0.017484191
670	2.4002907	-0.83100813	0.52019847	158.80466	1.4419037	1.3396646	0.049640852	0.046039394
671	4.3253538	0.44991992	0.19660846	389.97785	1.4326362	1.3872995	-0.014131915	0.049182445
672	2.996275	0.8111797	2.419603	121.25085	1.4420057	1.2896472	0.045462387	-0.044818181
673	0.14885543	-0.20468932	0.72991928	297.90371	1.6675969	1.5308303	-0.0036312938	-0.024958394
674	3.1150729	0.54420814	0.25029959	246.15256	1.3669401	1.2817197	0.026924055	0.0027039674
675	1.7626345	0.099565153	1.2156334	157.433	1.5905201	1.1997712	0.035040508	-0.010525366
676	1.7696203	-0.019403233	0.88620769	122.94731	1.4292766	1.3986573	-0.016666708	-0.010126372
677	1.5773626	0.38473038	0.23416764	93.706013	1.3278782	1.1982121	0.030808968	0.03944006
678	6.0879051	-0.26623481	0.82770759	53.045257	1.4421627	1.4374503	0.020261607	0.0099991167
679	1.2010814	0.66085454	1.340515	81.691831	1.3392274	1.2300034	0.027577603	0.017129181
680	1.8116216	1.2488612	0.90666859	152.72939	1.3625459	1.2107292	0.033779561	-0.035905151
681	5.9875746	-0.62967718	0.59152977	211.29554	1.4793864	1.2629371	0.024574949	0.017970855
682	1.3867453	-0.027965427	2.0362087	171.64562	1.503986	1.4458312	0.032320845	-0.0012227049
683	0.82349929	-0.71827317	0.12469612	342.92702	1.5284656	1.35716	-0.04946622	-0.038802279
684	5.1602652	-0.24110279	1.8723842	70.575203	1.4089749	1.3588055	-0.0059531922	-0.035101823
685	3.6598359	1.0044412	2.2914778	187.65105	1.3647	1.35884	-0.027159618	0.0091503326
686	0.63009192	-0.44215942	0.58492057	474.15938	1.3619492	1.3569555	-0.037292341	-0.038482334
687	1.0815836	0.082994686	2.7778257	157.59873	1.3821713	1.265593	0.03865737	-0.0099655543
688	0.33727726	0.25857845	0.7149985	104.48185	1.314423	1.2370831	-0.0204604	0.027111462
689	5.3548204	-0.62329063	2.1417802	94.655101	1.3735791	1.2858418	0.0024305213	-0.044461336
690	1.9448318	-1.3029157	0.8478491	193.37135	1.4455126	1.3829475	0.02107616	-0.032743314
691	6.0977989	-0.28115021	0.96039815	121.73319	1.5392355	1.1993254	0.013450153	-0.041910551
692	3.9812262	0.23419371	0.71883222	277.61087	1.5586396	1.5417539	-0.0075581062	0.04033912
693	3.59494	-0.4407013	2.5608213	100.38731	1.4645876	1.2895634	0.025658585	-0.043917518
694	1.0034183	-0.33701103	0.66683006	173.31213	1.3957816	1.3659157	-0.01971328	0.019210982
695	3.8350354	1.1583211	1.4105419	42.4526	1.394636	1.2595373	0.023853199	0.030262562
696	3.3407339	0.46415306	0.93979545	176.69712	1.4749297	1.3518663	-0.029633613	-0.028777254
697	5.9193633	0.57866812	2.1597075	99.286319	1.3042931	1.2770466	-0.006362929	-0.027711113
698	2.521872	-1.3831799	2.1337073	186.98931	1.4611872	1.4207654	0.02625511	0.020082684
699	3.1701046	0.044004533	0.86540061	251.85705	1.4464553	1.387424	0.048443747	0.020547376
700	1.6074456	0.52257826	2.141835	141.63429	1.3901576	1.3683743	-0.037753622	-0.042325526
701	5.479913	0.32826351	0.59596131	230.5999	1.3504901	1.3262786	-0.018173032	0.041778525
702	2.7194062	0.50741663	0.22925106	308.04206	1.5260459	1.3773142	-0.041806524	0.04289993
703	3.3338242	0.40769987	0.45609621	149.27201	1.4789589	1.4714782	0.00091962055	-0.04775389
704	5.9585724	-0.20520623	0.9839148	94.730138	1.4310132	1.1878861	0.027811962	-0.029378791
705	4.3752051	0.095195824	0.56059314	369.2226	1.5815725	1.259989	-0.0055849067	0.0027235582
706	0.67776201	-0.88225591	2.0889791	151.25513	1.3948528	1.3944195	0.041260579	0.03516703
707	5.3232225	-0.48726264	1.0925859	173.46838	1.467253	1.3594212	0.047142496	0.047932971
708	1.8117266	-0.39760261	2.8019469	140.23437	1.2825616	1.2667239	-0.033580882	-0.045931129
709	5.5058975	-0.25131458	1.2531328	188.87695	1.5978287	1.2672389	0.0045251447	0.0126378
710	1.1209885	-0.55191025	0.53960528	187.11383	1.4405795	1.3232357	-0.0050166018	0.023516691
711	3.9070627	-0.45032459	1.8914731	115.73592	1.5199028	1.246285	0.018837657	-0.033407585
712	2.5711387	-0.21501817	0.76739206	227.61672	1.5481865	1.4189544	0.028187827	0.026784309
713	5.4416766	1.104857	0.50894251	252.94914	1.527453	1.488572	0.008197766	0.03689304
714	1.3287255	0.049243036	1.3671523	84.102169	1.4076128	1.1976649	-0.04041007	-0.010826925
715	4.3587704	-0.75065293	1.9294851	81.772171	1.502562	1.365887	0.017235439	-0.0042585925
716	2.9316001	-1.3501594	0.61043443	233.03099	1.4412356	1.4112738	-0.011239849	-0.0092148019
717	5.0158011	0.27401513	0.42963965	326.95928	1.5922754	1.3886838	-0.026699441	0.029265881
718	3.5044067	-0.27212491	2.3915501	185.62017	1.443517	1.2677106	-0.020128127	0.019864776
719	3.3694636	-0.088404371	2.5597375	293.96913	1.5153066	1.3640476	-0.0038363068	0.00012765736
720	0.13220379	-0.95036286	2.4651459	197.72229	1.4020876	1.4007149	0.015074543	-0.012763489
721	3.8032117	0.66805491	2.658016	311.29411	1.4756561	1.2949206	-0.036048868	-0.040605504
722	0.8214649	0.79534011	0.14264435	232.13377	1.5652529	1.3009483	0.013346375	-0.044961141
723	1.358228	0.2024045	2.5555077	336.99994	1.466992	1.3630146	0.031638818	-0.0071459716
724	3.8463174	-0.92635595	2.7705197	192.22816	1.3199698	1.2880444	0.0054441681	0.029535202
725	2.8296955	-0.85779288	0.86713607	135.09881	1.4127286	1.2829903	-0.032620441	-0.01907459
726	2.2614701	-0.41001232	0.85520165	92.130627	1.5556741	1.3661124	0.027674503	-0.039239193
727	4.1574935	0.68661107	2.8189023	265.01848	1.5192899	1.4297424	0.006899461	-0.042466647
728	5.4164267	-1.0065429	0.67296264	155.23716	1.4226754	1.4131572	-0.025742867	-0.049858655
729	6.0106975	-1.1643417	0.46765366	286.01374	1.5299537	1.3107896	0.029796947	-0.045529818
730	4.2632465	-0.9938524	2.6293876	263.1532	1.5016672	1.413404	-0.040449322	-0.022063258
731	3.8862656	-0.034876094	0.41763191	347.21458	1.4296908	1.3522747	0.042313573	0.034712201
732	1.8509017	-0.71457228	1.7597634	77.496703	1.3488902	1.3258513	0.019929094	0.033824024
733	4.8592409	-0.45829375	1.0572654	64.104605	1.2162645	1.1973058	0.017891761	-0.038960596
734	4.0912309	0.66421319	2.3812655	192.01579	1.4118614	1.3536243	-0.030827258	0.039502034
735	1.4183791	0.97168035	2.771376	131.82561	1.2619955	1.1749527	-0.0057842596	0.031256542
736	1.8119833	-0.48632423	1.8235101	110.44524	1.3611933	1.3556355	0.049831572	-0.032777592
737	4.2680066	0.45318338	1.6152311	157.89961	1.405116	1.3454868	0.04301532	-0.0069850365
738	6.0659937	-1.1770363	0.75084892	224.89024	1.4568185	1.3275633	-0.035517658	0.014904516
739	1.9363398	0.50897552	1.8807553	67.865596	1.311861	1.2877907	-0.025038277	0.023660362
740	5.2175011	0.4868124	1.7765051	54.259371	1.357018	1.2990924	0.049518643	-0.010447193
741	2.4146107	0.44974607	2.4449916	317.41469	1.5285042	1.3093556	0.040226526	-0.0085088304
742	5.0276204	-0.49122372	2.7111121	274.28833	1.4129464	1.1971669	-0.045777505	-0.048912021
743	2.8189721	0.046611966	2.8875066	230.89556	1.5267248	1.3573798	-0.016894091	0.023305083
744	2.8003321	0.85303752	0.92329676	130.06809	1.4936713	1.3459209	0.026889157	-0.036625584
745	5.0943362	0.6210474	1.3326089	216.71847	1.4563865	1.2599878	0.0041228143	-0.0035634626
746	0.28423454	0.43393004	2.1824421	195.40624	1.4726595	1.3774953	0.026816101	0.017716097
747	5.6992538	0.38708216	1.702202	45.703787	1.3168338	1.3158859	-0.022747238	-0.0072746755
748	2.8048512	-0.6083546	0.98400485	298.82963	1.3078767	1.2887893	0.034096389	0.027050619
749	0.18141636	0.24614063	0.7374964	229.50616	1.366776	1.2742371	0.037453307	0.0023337861
750	5.6156214	0.50248322	0.18299327	308.96661	1.4704682	1.3902148	0.037180588	-0.0012137772
751	4.8749587	1.027417	0.43980979	251.01105	1.6163457	1.3540739	-0.029411247	-0.021783092
752	5.5588399	-0.4299336	2.9688899	336.87106	1.6720003	1.3395778	-0.038555503	-0.0034229443
753	3.2451133	-0.9826269	0.55113167	385.37751	1.5466447	1.4125681	-0.028399885	0.026433423
754	2.9225835	0.71394828	1.1718544	96.200073	1.5199796	1.4231947	-0.005442534	0.047792426
755	3.158515	-0.65781148	0.85378995	154.52912	1.5047983	1.2440939	0.0045626602	0.035308243
756	5.0725456	0.89329557	0.87527445	246.89647	1.4846325	1.3684262	-0.013002243	-0.014008428
757	0.36537032	-0.24415979	0.83730166	224.27802	1.4636608	1.4594808	0.0068338251	0.046166517
758	4.9066656	0.64998144	2.8568236	287.15849	1.4226784	1.3316852	0.041755133	0.04782572
759	5.9544186	-0.56191357	0.94839815	122.61524	1.3780769	1.3096812	0.0051764518	-0.046416614
760	5.3317715	0.63560413	1.2231695	79.111164	1.4001626	1.3421395	-0.035126782	-0.01644831
761	1.9563371	0.26009723	2.7267823	144.83796	1.4336338	1.349055	-0.00079161913	0.044137188
762	5.5224727	-0.93484554	0.42372454	171.18195	1.4192199	1.3127423	-0.042458598	0.021222572
763	1.0388321	-0.73591773	2.9967289	264.65609	1.3850739	1.3607402	-0.024430076	-0.0049094548
764	1.2197311	0.40507998	2.0297753	129.78615	1.5053382	1.4440872	0.046733588	-0.0086299008
765	5.6620625	-0.88985493	0.7075554	276.61647	1.4043917	1.3590283	0.027686911	-0.0099740562
766	1.4890407	-0.39211488	0.78290538	157.96838	1.4353122	1.3042154	0.033042613	0.038849939
767	0.32223409	-1.0791716	1.0032498	78.264204	1.3383822	1.2077325	-0.031204999	0.023905658
768	4.0454778	-0.133263	2.3727231	139.75777	1.5018535	1.3827077	-0.028559354	-0.0024941591
769	1.0625261	-0.065146223	2.0704441	137.45407	1.3867713	1.3746856	0.039388205	0.032688182
770	4.354245	0.92071171	2.5844361	353.3783	1.4825647	1.4114963	-0.021056661	0.026298799
771	5.3860202	-0.24770368	0.24157895	177.13535	1.4075169	1.3573595	0.013490109	-0.019818268
772	3.273632	0.91780999	2.6286631	155.10445	1.4103501	1.3143007	0.038478701	-0.019608225
773	0.6530977	-0.86925101	1.4473727	89.439748	1.5073541	1.4654656	-0.049737065	0.010993792
774	2.1027891	0.71132463	1.7931388	168.58857	1.3106274	1.2333803	0.011314352	0.0053704643
775	3.2549125	-0.60329857	0.44534017	203.19336	1.348948	1.2939313	-0.020782368	-0.0026434201
776	2.5648873	-0.77435879	0.81479969	253.34917	1.4192498	1.3596468	-0.01638517	-0.047396413
777	0.32740917	0.78717438	0.91908486	126.67165	1.414597	1.2397002	0.035830273	0.0045839547
778	0.9500999	-0.74733708	2.325658	101.06289	1.4035671	1.3096579	-0.031889076	-0.029499269
779	0.043263248	-0.39034862	0.75928562	149.30448	1.4986439	1.4060158	-0.018902499	-0.013025245
780	3.1338175	-0.6436701	1.8951084	123.34105	1.4323606	1.3485966	0.030724577	-0.024164637
781	6.2402237	1.135374	1.4200308	163.5199	1.4923179	1.4678565	0.022016194	-0.0097697039
782	2.6095347	-1.0782895	0.82304028	139.10404	1.3494966	1.3423144	0.02086428	-0.027249638
783	3.472951	1.1420086	1.0296113	183.6401	1.460205	1.2565655	-0.0047468127	-0.040889031
784	0.41988255	1.526892	2.0890363	144.01015	1.3780474	1.2716289	0.043946756	0.031676144
785	4.9522446	-1.1085675	1.6635421	190.82008	1.5369936	1.4157955	-0.016347743	0.0047777877
786	5.3342428	-0.92374521	0.82684699	71.264822	1.4217351	1.3792116	-0.014197317	-0.023004971
787	3.6068812	-0.30929449	2.8883395	179.71495	1.3259622	1.1974354	-0.023225217	-0.020032865
788	2.8490592	0.63109925	1.0470071	140.27625	1.5607719	1.3932816	-0.020471931	0.0072897796
789	3.445773	0.18063753	2.0309728	61.798942	1.3703583	1.3652069	0.019552782	0.031016738
790	0.48382631	-0.69263302	0.65413734	171.96012	1.5145995	1.4781245	-0.011603498	-0.013833847
791	2.1688428	0.34611167	1.8848452	138.66591	1.3433488	1.3242381	0.018058373	-0.0043149649
792	0.090962474	0.74042459	2.9188639	321.83706	1.4617738	1.3383153	-0.045760951	-0.023140814
793	0.0069856947	0.0089040871	0.44947599	171.34504	1.4702662	1.4249871	0.044061299	0.0098890681
794	5.3706903	-0.36203693	0.44087085	68.118744	1.3785617	1.2367558	-0.033679267	0.012126953
795	0.56809396	0.62983427	3.0301269	190.42127	1.4917517	1.4448304	0.029979594	0.036195482
796	1.0871585	0.40398587	0.31116756	218.88785	1.3736878	1.2300503	0.015724413	0.0096773882
797	2.2835203	0.057727056	2.2790305	150.56745	1.4244821	1.3208542	0.028402473	-0.045104865
798	0.13731683	0.60748595	2.602641	120.27226	1.3695847	1.2636044	-0.0042410583	0.0072366276
799	2.1676134	0.093654316	0.59558517	128.19842	1.4108232	1.3453986	0.049341094	-0.042039451
800	4.6706514	-0.96827061	0.91108444	188.95389	1.3502494	1.2864535	-0.029366524	0.032626789
801	2.1651864	0.62973286	0.27872747	151.54516	1.5693297	1.3740292	0.025908945	0.0083465139
802	3.2776013	0.23908445	2.3111398	250.42921	1.4264157	1.4110957	0.023528651	-0.049403309
803	0.29309705	-0.20825781	1.8448672	65.919151	1.3320286	1.2774329	0.038561744	0.014704555
804	4.852169	-0.73253475	0.37012146	21.768602	1.298787	1.2634917	-0.016952893	-0.010451961
805	5.7071556	-0.39488683	2.5745283	119.19991	1.5352391	1.208314	0.0086971995	-0.038572235
806	4.1284017	0.05143919	2.5941085	186.41345	1.3849698	1.255524	-0.033374398	0.049040727
807	5.4429248	0.11450677	0.36258269	178.03922	1.463837	1.3167601	0.045174365	-0.035919365
808	5.6784794	-0.37111806	2.0195886	116.67672	1.302975	1.2390308	-0.038682791	0.045056215
809	3.0460386	-0.076324798	2.5421663	106.08127	1.4375884	1.3784236	-0.006311935	-0.043383716
810	4.1215036	-0.39299727	0.25052614	124.67029	1.473222	1.3400663	-0.029570744	0.0083694571
811	4.2970741	-0.53007168	1.5384753	113.78271	1.4468907	1.234937	0.0087023372	-0.012716639
812	0.16748016	0.92388283	0.94997497	187.27399	1.390994	1.3455154	-0.042545748	-0.03580221
813	0.10967833	0.99128594	2.1427959	240.94958	1.5835404	1.3563471	-0.0012877242	-0.018808875
814	3.0651815	0.40629499	0.96095818	211.1699	1.4462606	1.3575056	-0.045411938	-0.010860163
815	0.046337821	-0.071788891	2.5327241	89.443118	1.3133807	1.2993927	-0.0057787192	0.0090629465
816	6.0326944	0.15934353	2.689128	468.97888	1.6903313	1.517308	-0.035537469	-0.0014161374
817	4.7301927	-1.1500901	2.8372302	220.24957	1.4678942	1.3791051	-0.0030261793	-0.033362462
818	2.1390592	-0.097522171	1.1456839	126.87834	1.3527133	1.3215128	0.012629541	0.004937553
819	2.5435272	0.65345317	2.8773378	70.475465	1.3738609	1.27951	0.012311191	-0.028026009
820	2.1260255	0.35796921	0.34245544	375.48447	1.5684829	1.3214391	0.016036302	-0.032205104
821	1.7681792	-0.25050365	2.5560287	119.27948	1.4283139	1.3641388	-0.01869838	-0.012022674
822	0.14012856	-0.38919891	0.28260702	143.22538	1.470884	1.3603202	-0.037642019	-0.044782496
823	3.3760512	0.61414248	1.6359989	194.8151	1.5026724	1.4898613	-0.022567705	-0.022322299
824	4.4678708	-0.5091828	0.63689877	199.50544	1.3746183	1.3443526	0.00016525031	0.0070353865
825	2.4738534	0.93948811	0.49205017	79.530923	1.3696756	1.29881	-0.03452278	-0.024524605
826	2.6997261	-0.1483393	2.5641888	322.46405	1.4809365	1.3704198	0.023150361	0.033049656
827	5.6284724	0.66994351	1.3894627	133.00795	1.5477788	1.5049419	0.031298482	-0.020276457
828	0.1017981	-0.41517182	1.8475141	166.62261	1.4408347	1.3360476	0.037627938	0.040962933
829	0.22786087	-1.4925457	2.3235598	256.64696	1.3786819	1.3641637	-0.030267005	0.026205525
830	4.795343	0.59385513	2.6679274	605.94561	1.6622717	1.4539008	0.041108991	0.037732696
831	2.6479222	0.84868363	2.5822315	197.92326	1.3940193	1.2689191	0.030115768	-0.035120135
832	0.20698476	0.83095513	0.36952697	83.554391	1.3599276	1.24291	-0.011902437	-0.012811374
833	0.95819138	-0.60479341	0.96116439	177.05832	1.3995091	1.3003411	-0.022294065	-0.027346932
834	1.249016	-0.55090914	0.48188518	265.09414	1.4832015	1.2629244	0.043537307	-0.034840968
835	3.0630243	-0.56126602	0.63622532	140.90014	1.4384449	1.2092152	0.033746164	-0.024976399
836	1.6929627	-0.68292256	1.0793916	110.75627	1.4680988	1.4115327	0.024512723	0.027524727
837	2.8396539	0.84807157	0.62496359	302.19184	1.5169217	1.4934071	-0.025102185	0.0092093304
838	0.33391136	-1.0715071	0.5154552	260.70621	1.5480507	1.4766079	-0.034089454	-0.020054768
839	2.9052002	-0.45582384	1.0048341	179.53428	1.4149176	1.3531506	-0.048590186	-0.0059413306
840	6.058343	1.5381511	2.1456455	168.10985	1.4375171	1.3049858	-0.022930584	0.0080648335
841	1.6704606	-0.1908624	2.7430622	425.77652	1.5028789	1.4948345	0.0052215335	0.04568837
842	4.603831	0.018766373	1.6954198	77.023757	1.4179576	1.2953037	-0.041480008	-0.011916174
843	3.8029325	0.76098614	2.5901265	104.09518	1.3744152	1.2923992	-0.037346032	0.00097265593
844	0.27823322	-0.69818532	1.3547126	172.25671	1.4125697	1.3984258	0.039400118	-0.032406007
845	5.6741784	-0.4395924	2.4358552	221.59414	1.5028291	1.3685258	0.030579254	0.041854607
846	2.5130177	0.73932422	0.37489189	345.06405	1.456346	1.4236438	0.045122631	0.0022340099
847	0.73050394	-0.99919241	0.68946085	244.01415	1.4588433	1.3963133	0.045747607	0.027764263
848	1.0673107	0.71372772	0.60918793	213.92538	1.5314057	1.3613195	0.04622153	-0.011419083
849	1.9495819	0.18607003	2.022378	143.99547	1.4027912	1.3213403	0.0021734797	-0.046683416
850	2.4643505	-0.021051391	2.899695	384.82107	1.5034773	1.3937593	0.011011446	0.017604135
851	4.1548762	-0.24332576	2.7303475	174.54955	1.4538371	1.200385	0.01291802	-0.0070036488
852	1.7259793	-0.23985193	0.89816112	87.511893	1.4880788	1.3105219	-0.023443346	-0.021946801
853	4.9712658	1.1665118	1.0565667	139.65483	1.4487593	1.2789107	-0.0092862466	-0.026991978
854	2.6030586	0.24313329	0.3933965	104.82308	1.4802766	1.4006779	-0.037018811	0.0047116848
855	3.1921741	-0.45880244	1.1338013	221.25726	1.3534199	1.2795969	-0.032150895	-0.017612454
856	1.3832615	0.015894704	0.4110018	187.1122	1.4170503	1.2730926	0.031388786	-0.030746254
857	2.5443128	-0.83414676	0.54216889	171.52103	1.3965524	1.389229	-0.044729554	-0.047692229
858	2.4810995	-0.85628836	2.7759197	264.89579	1.4426741	1.3982331	-0.01299541	-0.012742915
859	4.6028706	0.85140574	1.4617475	257.07193	1.3814526	1.3587705	0.032059691	-0.041903252
860	4.6221828	1.1494921	2.7380535	194.04969	1.4983641	1.3023105	0.0056227055	-0.010675671
861	6.0509948	-1.1600039	0.23175216	359.54035	1.5063012	1.4655624	-0.025505724	-0.047272567
862	0.17629515	-0.16961272	2.1033253	130.47435	1.3363491	1.2112267	0.019141749	0.013373839
863	5.2155896	-0.52831879	2.5090466	225.0265	1.4417527	1.2885493	-0.033815801	0.044858528
864	5.3374494	-0.14372289	1.4230453	133.52307	1.4421455	1.2750004	-0.027544434	0.043766069
865	5.3894366	-0.91387373	0.71244307	230.35044	1.6141865	1.3141658	0.018377832	-0.031234556
866	5.5730548	-0.07869275	0.69886154	170.66335	1.3349718	1.2625106	0.033381721	0.0053429149
867	3.8839553	-1.0808048	2.1129061	45.720077	1.3665544	1.2461209	0.014865997	-0.0031901018
868	1.6527499	1.1237032	0.69390811	275.95448	1.431039	1.0709935	-0.032033163	0.00054727197
869	1.9034102	-0.40004016	0.48188278	98.524922	1.2808923	1.2800139	0.020221938	0.03022837
870	2.3837578	-0.38895736	2.6184825	231.156	1.4948972	1.4768989	-0.0038389418	0.014478601
871	4.4169659	0.18300665	0.23200407	140.53898	1.3309096	1.2428271	0.042006228	-0.037266637
872	0.83423333	-0.5981217	0.24795742	164.5965	1.5341702	1.3340465	-0.026929944	0.0355488
873	4.859843	0.52975309	2.8825295	413.00953	1.4630543	1.3741241	-0.044192114	-0.044945008
874	2.0973316	0.42271424	0.79806085	459.45285	1.3933751	1.3303187	0.013603935	-0.011098052
875	0.26488374	0.67613517	0.40249249	164.13482	1.4156361	1.3765934	-0.033112717	0.018857029
876	3.2862975	-0.79551385	0.40216235	302.33393	1.427599	1.355318	-0.01796561	-0.0074987575
877	4.9682077	0.80636346	2.5045972	244.80799	1.464832	1.3664663	0.0087060267	-0.046468448
878	3.1298751	-1.1464948	0.91064737	59.626461	1.4936521	1.2682874	-0.02948029	-0.035515142
879	4.2732172	0.86220281	0.54641884	290.48631	1.3958478	1.3531841	0.048522354	-0.034399149
880	4.817169	-0.34595981	2.5119832	220.21886	1.3848667	1.271795	0.04319342	0.00104629
881	4.9568131	1.2537936	1.2046644	94.663719	1.439295	1.4265118	0.046974676	0.01884528
882	6.1780678	-0.66589501	0.28025832	385.94872	1.4213014	1.3882978	0.032369529	0.019794005
883	5.6017245	-0.60214003	0.3684373	314.1268	1.5047734	1.4063145	0.037386241	0.017723146
884	1.5408107	0.23720352	2.695856	115.82658	1.4184368	1.3502347	0.0039622954	0.012730291
885	2.7890971	0.46830564	0.33034447	156.64627	1.4862874	1.3307498	0.034925093	-0.039668506
886	5.5708389	0.15838027	2.6225825	147.76459	1.3936956	1.2850628	0.012421219	0.0010622071
887	0.27612347	0.016358991	2.3853233	144.77364	1.3909033	1.3714853	-0.040718797	0.022473607
888	2.5758771	0.16884219	1.3351805	82.613077	1.4172517	1.2850076	-0.028665671	0.041730351
889	4.8119274	-0.39458328	2.0819878	266.05835	1.4289847	1.4130171	0.030106282	0.0082451888
890	0.47735131	-0.024677187	1.2957218	138.20829	1.4685471	1.1849233	-0.021140694	0.027377269
891	5.7139919	0.16620505	0.5103916	206.89257	1.3632105	1.2686027	0.049884911	0.026203471
892	2.8512848	0.50437753	1.0777658	79.423491	1.3829034	1.3521296	0.016711971	0.0239081
893	4.4367369	-0.48365133	2.7764628	279.11032	1.435156	1.3531832	-0.044974141	0.046299535
894	4.2430728	-0.78823724	2.7306793	71.029494	1.3726054	1.3415783	0.0075163725	-0.030844383
895	5.2395633	-0.58681691	2.7888116	400.40931	1.5635025	1.4848953	0.023247942	-0.017064015
896	4.4237171	0.64337471	0.41287269	461.09221	1.4865224	1.3807818	0.042498158	-0.036621002
897	2.2802062	-0.086171203	0.73769513	314.06898	1.469068	1.3733128	0.037210483	0.039999295
898	1.4420572	0.93780255	0.76877988	105.9898	1.360103	1.3527119	0.038444179	-0.0096146682
899	4.3956925	0.61219489	0.53682631	373.62496	1.5192704	1.4248941	0.018311156	0.0027396019
900	2.8431501	0.72563758	1.006397	238.66287	1.4554451	1.4425085	-0.03965789	0.030813156
901	2.019495	1.2617122	0.88015902	188.62581	1.3608527	1.3215375	-0.0033613684	-0.04949516
902	0.13198128	0.68784188	2.5378952	349.6834	1.4150602	1.3011055	-0.017045887	-0.023936001
903	1.1456854	0.69579092	0.61924811	145.57559	1.3706567	1.3093746	-0.021635384	0.012528564
904	2.299176	1.2905539	2.6713475	117.06324	1.489506	1.3856566	-0.017301589	-0.041696503
905	6.2007575	-0.88932692	2.7358064	263.57299	1.5266924	1.3633201	0.024607983	0.018703783
906	2.8807027	0.80257999	2.1834135	262.90682	1.5263757	1.4479225	0.011972828	0.002337495
907	0.51325207	-1.2778729	2.1540361	60.967091	1.2906769	1.2370104	0.019831244	-0.043178728
908	5.3864417	-0.32853188	2.7498988	271.29461	1.3270443	1.1814454	0.024744843	-0.0043749649
909	1.2255845	-1.2382514	2.2433244	207.13216	1.3290096	1.2071159	-0.0046216176	-0.021944827
910	0.15623414	1.2600054	0.57322797	164.55116	1.330804	1.2940569	0.038905702	-0.0039495502
911	1.4666255	0.4863149	2.1632983	85.753204	1.3353356	1.3262014	-0.048213206	-0.033267513
