simulation_id	longitude	latitude	inclination	distance	mass1	mass2	spin1z	spin2z	polarization	coa_phase	geocent_end_time	geocent_end_time_ns	gps_time
29	5.6884721	0.11746066	2.4076972	765.09446	8.3713815	2.4992445	0.8120648	0.24682594	3.1854560375213623	0.36405444145202637	1006205723	915795922	1006205723.900896
139	2.3893545	-0.25865662	0.63523167	1133.4312	9.7062532	2.9992763	0.47732075	0.10414571	3.7072949409484863	-2.2531919479370117	1005607761	847602844	1005607761.86671
155	1.9447457	-0.49472089	2.5847512	77.631995	16.753418	2.6403828	-0.023089048	0.62004196	4.0030341148376465	0.805259644985199	1022769384	172374606	1022769384.184788
324	4.1969572	-0.084871531	2.5094271	450.68363	11.438912	1.5046066	0.045472875	0.36411724	2.5635623931884766	2.7238147258758545	1007149846	876302481	1007149846.864398
414	5.0504573	0.92882725	0.17802614	234.90757	17.179554	1.458303	-0.5513732	-0.1920094	1.5676623582839966	-1.4396162033081055	1018865718	943194747	1018865718.924598
424	3.6338678	-0.53606121	1.3994734	325.01138	10.848752	2.5456046	0.001271505	-0.3118062	6.053532600402832	1.463847279548645	1004435681	669885039	1004435681.685005
472	6.0799118	-0.28348083	0.21943161	462.4613	9.7319171	1.3956539	0.19013636	0.079823723	5.875947952270508	2.3023641109466553	1013597432	414562702	1013597432.430836
523	2.0066968	0.46403191	0.4968426	506.23265	6.7193902	2.9271363	-0.031127075	0.12818778	3.4733307361602783	3.0648505687713623	1003571107	507750392	1003571107.490052
524	3.5356912	0.91239219	2.6975261	1512.8589	25.336515	2.9755913	0.10526891	0.17257256	5.241472244262695	-0.20473088324069977	1009550536	712878466	1009550536.692875
533	1.1483366	0.65592033	2.6746674	949.27688	8.2278549	1.8775137	0.06504596	0.12810929	2.986790180206299	-1.2885123491287231	1018725341	503397346	1018725341.484603
534	2.3823751	0.4575622	2.9404342	151.63362	7.8983087	1.7114736	-0.5825991	-0.032872492	1.0801619291305542	2.6028177738189697	1022636617	365930200	1022636617.350464
663	5.8350669	-0.18353019	2.6732591	661.71397	9.5936073	2.4014304	0.25174061	-0.041680469	4.24048376083374	1.4097330570220947	1017641548	292726159	1017641548.308936
753	2.7785913	0.097516581	2.8107844	526.82743	8.4637081	2.705492	-0.091825947	-0.072535213	2.155653715133667	0.05075927451252937	1005892599	219850540	1005892599.22333
764	2.7781862	0.52454569	3.0706906	1027.1089	18.471107	3.1250739	-0.070954668	0.052728598	2.304313898086548	-1.6735037565231323	1022794720	602401733	1022794720.583984
766	5.3723851	-0.05485666	0.74116606	397.34291	10.099541	2.2622819	-0.35801536	0.25173689	0.9456710815429688	-0.6324700117111206	1026746312	179706931	1026746312.190552
802	4.7608238	0.42780669	0.97456285	475.23862	3.5472845	2.2345255	-0.003289894	-0.01539724	0.6187386512756348	1.2260409593582153	1026264532	224388599	1026264532.211546
857	5.52101	0.74576328	0.84950818	346.4987	9.7662192	2.3576985	0.1408742	0.19368033	5.799107074737549	1.434513807296753	1001980771	8471370	1001980770.991002
907	6.1656293	0.11676505	2.9414995	442.01762	7.5630455	2.2293574	-0.41246404	0.15052833	1.8123033046722412	0.1290203183889389	1025100856	808237314	1025100856.793493
935	2.6244984	0.8982533	3.0191111	1441.3397	12.316938	2.5936448	0.066224046	-0.32915315	3.9032371044158936	0.2909279763698578	1009193522	288999677	1009193522.268781
1037	3.2151128	-0.3474489	0.95898053	727.88962	11.577942	2.0018231	0.15572576	-0.027004285	2.100644111633301	-2.5685861110687256	1026307835	77175021	1026307835.095474
1057	5.4781417	-0.70068447	0.69998634	490.0784	9.5668561	2.8854493	-0.29612935	-0.34880279	5.492700576782227	2.3479340076446533	1003921424	642439008	1003921424.660996
1079	5.6225414	-0.45882869	2.520237	1127.4484	12.882573	3.2857648	0.21814871	0.10712824	0.4269801378250122	-0.6973485946655273	1004008931	855524659	1004008931.873779
1171	5.1467037	-1.137863	0.95783784	561.45188	8.6829338	1.9724324	-0.26874438	0.24672721	6.066307067871094	-1.1114470958709717	1013078402	610899210	1013078402.623708
1210	0.98042391	0.78470642	1.0288632	442.60043	10.471779	2.8986981	-0.41178399	-0.039962566	6.162191390991211	-0.9872913956642151	1007018716	768333793	1007018716.747437
1241	1.9435836	0.532535	2.9811649	182.82055	9.6126088	1.8338451	0.058667453	0.00088780957	3.8936550617218018	2.2937328815460205	1006803757	293229699	1006803757.299274
1287	5.1681034	-0.38011901	2.5895066	233.49139	6.7776269	2.380692	0.85642288	-0.20202313	0.3592715263366699	-1.2459907531738281	1004140745	807139874	1004140745.794678
1292	1.758635	0.24207617	0.55150093	879.2992	15.343953	1.8278855	-0.57092138	0.25064517	4.374295711517334	2.9941911697387695	1011414223	887211680	1011414223.870136
1367	0.28269089	0.66756321	2.8275884	402.80206	7.3631348	1.7713267	0.62723027	-0.0090499235	1.0702342987060547	-0.9605588912963867	1027936749	692999959	1027936749.673017
1380	2.7886657	-0.57052756	0.75811146	498.82053	8.2300178	1.6600943	-0.61782023	0.075197801	1.6118284463882446	-0.9051036238670349	1001653339	297891855	1001653339.318177
1448	5.7227539	-0.12869128	2.6105816	177.51499	6.614968	1.5369772	-0.0033418875	0.21435953	4.430534362792969	-0.3799206018447876	1011360761	151767850	1011360761.159754
1486	4.6605849	-1.2968143	0.71012957	340.31639	4.3814173	1.8630288	0.062397855	-0.041363809	3.907731056213379	2.435227870941162	1011601936	62849760	1011601936.077785
1544	1.5383272	0.66095415	0.31268987	459.611	12.946718	2.428705	-0.56230062	-0.0011957375	4.571568489074707	1.3708384037017822	1018842571	104997158	1018842571.091419
1550	0.88071199	0.69373723	0.75571341	113.08338	14.722336	2.0192979	0.2079355	-0.0010934699	3.9946537017822266	0.3764249384403229	1006215037	418568134	1006215037.411499
1585	3.9623529	0.48022642	2.5389474	788.36251	9.3396709	3.054376	0.0087915626	-0.20265682	0.6434469819068909	-1.3095308542251587	1025408938	326565504	1025408938.306641
1638	6.2735131	-0.64370414	0.57204269	720.47181	6.9636042	2.8666998	0.0014216843	0.0086640011	2.130258560180664	-2.3215878009796143	1029855859	901249528	1029855859.90989
1671	1.5587444	-0.14258133	2.7377596	632.62699	12.185633	2.1659651	0.095203138	-0.18837393	6.278785705566406	0.3004336953163147	1018144267	786113620	1018144267.775016
1802	6.1021241	-0.21436798	0.84310333	645.75136	11.161587	2.1225001	0.41087443	0.11532365	0.33610931038856506	2.3895106315612793	1003251457	800512075	1003251457.818337
1809	5.935824	-1.220242	0.80926614	473.22071	36.894344	2.1247471	-0.072087132	0.028644652	4.402029991149902	-0.6932122707366943	1010380481	552830219	1010380481.56604
1811	4.5197371	1.4544074	3.0501999	593.89686	8.3553675	2.5878802	0.032159538	-0.18227261	0.3263336718082428	-0.3563659191131592	1026226133	818544745	1026226133.806589
1822	4.8146089	-0.18003489	2.9095497	634.9507	26.4499	2.4339085	-0.45184315	-0.074871728	2.653919219970703	-2.816185712814331	1008778692	398991823	1008778692.387309
1838	6.0455641	0.27367184	2.4387865	606.63769	12.682289	2.5845644	-0.12471592	-0.22792857	4.387068271636963	2.0430805683135986	1011318285	396858931	1011318285.383747
1897	1.2880272	1.0456438	2.8626611	585.73055	12.12272	2.8807352	0.080676116	0.33938006	1.810477375984192	1.6314078569412231	1028547703	985597253	1028547703.968584
1915	5.3336145	-0.64246078	0.95247871	317.0021	22.725038	1.8459211	-0.0066546614	0.14038197	2.5773046016693115	-0.8603448867797852	1007358434	877044678	1007358434.892334
2041	5.9641257	0.25676362	2.2361463	405.25655	6.7156289	1.8198122	0.11604229	-0.20881555	1.3915140628814697	1.2422925233840942	1007425399	66970348	1007425399.049683
2053	1.3164101	-0.0644138	2.655085	501.27421	4.5146029	1.988791	-0.17198339	-0.15949581	6.08063268661499	-1.5504873991012573	1004221048	833314300	1004221048.849756
2095	4.352725	-0.20932182	2.475205	343.57864	15.271431	2.2679107	0.76550084	0.027715663	5.893369674682617	0.6990842819213867	1029161116	809924722	1029161116.828401
2106	4.5395402	-0.19260687	0.4677018	599.33582	14.546317	2.2738086	0.11719546	-0.027303142	1.340835690498352	-1.9975632429122925	1001681554	461209655	1001681554.478027
2211	5.6668552	-0.090546085	2.4039732	502.21383	4.152082	2.4834514	-0.0099781523	0.0031087571	2.3196702003479004	-1.4295680522918701	1015739444	5710006	1015739444.02269
2251	2.602259	-0.027067084	0.25168223	864.16305	23.588875	2.0352439	0.63311794	0.013357307	1.7238757610321045	0.9100642204284668	1017595222	503783345	1017595222.519026
2309	3.7198671	-0.019783232	0.7554301	524.13393	13.20095	2.0329247	0.073262773	0.025958854	5.08690071105957	-0.04439853876829147	1024113099	896955729	1024113099.881151
2345	5.1051986	-1.3475471	1.2094943	500.72566	8.4123375	2.8896368	0.042564543	-0.16203137	1.027869462966919	-1.6616251468658447	1026058348	753300428	1026058348.768724
2414	4.3603062	0.94324499	2.2683971	624.74869	14.512015	2.6784546	0.26612557	-0.230044	0.9699536561965942	2.8064932823181152	1011693652	698763251	1011693652.686523
2441	2.3118228	0.27958155	1.6100898	357.10627	8.5493309	2.3316613	-0.16848989	-0.11883731	5.923173904418945	-1.728514313697815	1011343457	902851343	1011343457.884766
2447	2.0875639	-1.2068765	2.5633063	488.43968	7.0975099	2.7876294	0.027041954	0.26734596	6.202873229980469	0.29876336455345154	1014923410	606727719	1014923410.619751
2665	0.53591828	-0.90562684	2.2945179	722.50809	10.721806	1.993945	0.62968496	-0.049683394	4.507894515991211	2.829174041748047	1018422137	732807279	1018422137.752928
2666	5.2375422	0.29459992	1.8763702	242.8999	6.9000777	1.6417664	0.7354725	-0.0052334648	5.801438331604004	0.2617189586162567	1031365038	593365550	1031365038.574104
2707	4.8411101	1.3641707	1.939758	219.71612	16.57963	1.7355577	-0.22180081	-0.024153909	6.09566593170166	1.052220344543457	1012297170	888948441	1012297170.87561
2844	3.5346405	-0.03865754	2.6575798	183.42897	10.36016	1.2253588	-0.14256983	0.076948959	2.9024996757507324	2.366265058517456	1024941080	627866983	1024941080.634155
2851	4.8463831	0.68310934	2.4611651	1188.9605	13.469063	3.2912994	0.050750547	-0.046133256	3.9143612384796143	1.8228332996368408	1005767226	917885303	1005767226.898232
2938	2.7901468	0.94287256	0.74616858	580.79181	14.060439	1.5619296	0.432712	0.029279202	5.556766510009766	1.268735408782959	1002383571	367313147	1002383571.3474
2968	3.8026294	0.47164541	0.19055353	559.78227	7.619077	2.3682751	-0.1903343	0.25070647	4.503509044647217	-2.5192320346832275	1027659662	788440466	1027659662.772461
3008	2.3784859	0.25351372	0.68841728	102.37193	8.3470844	2.7279884	0.061537899	-0.087803016	1.2868622541427612	1.9291564226150513	1004139002	609464049	1004139002.621151
3115	1.6970604	-0.52109122	2.485849	1160.7233	8.3948688	3.216896	-0.23701804	-0.34270666	0.09722373634576797	2.1685822010040283	1029469489	171542525	1029469489.191755
3118	4.539576	-1.0000836	1.6456088	215.1975	7.0010088	1.1457782	-0.18520644	-0.15190376	1.8971054553985596	0.2913607358932495	1024360047	398530841	1024360047.410271
3137	0.92088574	0.53883783	2.5490138	894.57176	7.122089	2.3394265	-0.083912351	-0.052626618	5.461842060089111	0.7621115446090698	1014682650	461447120	1014682650.441562
3310	1.4257877	0.79342125	2.2834774	619.6962	6.8486087	3.2212581	0.0096084588	0.65491267	2.90708065032959	-1.2559752464294434	1001241618	724837661	1001241618.70489
3321	6.0410719	0.49696838	0.46757919	1365.5673	10.498397	2.2359177	0.58237768	0.30117272	3.416780948638916	3.1098430156707764	1010870359	928934097	1010870359.908637
3362	5.4636732	-1.0435284	2.3561078	343.98268	7.4113064	1.9379432	0.19469687	-0.11360336	2.915489435195923	-1.7530417442321777	1021167915	589433551	1021167915.609985
3394	2.4523426	-0.19326564	2.2241925	625.53733	7.4419243	3.3750525	0.79491755	0.11955278	0.36040255427360535	0.26873520016670227	1028959765	288706303	1028959765.307045
3650	2.6107088	0.34136205	1.4363267	243.86311	18.000282	1.7510206	0.017739913	-0.20151405	1.3102810382843018	-0.4750671684741974	1000224356	796983242	1000224356.778098
3653	5.1665928	1.0812983	2.3071369	420.28743	12.454358	1.597499	0.070183264	0.178507	1.5202165842056274	-0.37233930826187134	1003959186	688650608	1003959186.671265
3745	6.18627	0.49334932	2.2977828	329.54705	8.605931	2.6360269	0.0085937284	0.25562282	1.4476509094238281	1.2588614225387573	1031119657	95576406	1031119657.075706
3794	0.50035817	-1.2358795	0.21442002	931.65086	7.188038	2.300157	-0.032786074	-0.19399993	0.8373304009437561	3.119337320327759	1012814914	479499698	1012814914.496462
3805	2.9573194	0.54587827	0.59487178	441.75448	8.5382157	1.8510599	-0.49762466	-0.19030895	5.933746814727783	-3.051407814025879	1013587551	718658447	1013587551.698234
3900	3.1047484	0.578226	0.38272154	745.99383	14.377767	2.8464944	0.19072777	0.25677821	6.1007609367370605	2.7172882556915283	1015479245	161800504	1015479245.141235
3910	2.7821227	-0.48241988	0.21096227	502.62432	10.300704	2.0632435	0.46935615	-0.13583105	3.282694101333618	-0.6525592803955078	1027861200	693907261	1027861200.708016
3933	4.0027323	0.44667263	0.48545622	387.72687	7.048525	2.4025196	-0.0066854129	0.15584643	5.058872222900391	0.7896113991737366	1011363507	328522444	1011363507.30845
3948	3.8200415	-0.69558201	2.0149913	379.15293	7.1463383	2.0986946	0.26499878	0.12719475	4.163249969482422	-0.8321310877799988	1019773514	180181623	1019773514.196563
3951	1.8926901	-1.1859472	1.032564	404.90062	20.992949	1.5797706	0.0041802922	0.0301546	4.02005672454834	-2.787325859069824	1027085089	795868635	1027085089.805676
3962	1.9051205	-0.27614748	2.7293536	401.11129	6.64102	1.4550277	0.3102781	-0.14606291	3.7125773429870605	-1.5221511125564575	1025868689	309765697	1025868689.320804
4019	0.72354439	0.54347775	2.3231171	444.69803	8.532138	2.1178328	0.54901437	-0.21027426	5.548625946044922	-1.4333237409591675	1027125788	857550383	1027125788.864772
4195	3.5127877	-0.046408451	2.8079095	396.62607	6.7550567	1.4279042	-0.034894827	-0.065049427	3.777012825012207	0.30082958936691284	1010789137	334444642	1010789137.350738
4207	0.83147134	1.1723689	2.8977874	82.612722	6.5415693	2.1816272	-0.13800305	0.11901134	1.1845232248306274	1.3276187181472778	1016377577	178080797	1016377577.168457
4226	5.1872842	0.6055642	0.91033987	593.98394	7.3626318	1.9590815	0.08915395	0.069786017	4.215414524078369	0.09714265912771225	1020607252	593894958	1020607252.57609
4490	4.5723797	-0.012052676	0.33997041	614.05039	16.831761	2.8194027	0.14244677	-0.031617416	2.213386297225952	2.9120569229125977	1017283667	934094548	1017283667.945355
4535	3.5218369	-0.3441541	2.5337143	527.87588	17.461263	3.1423492	-0.43892837	-0.52344292	4.163032531738281	-0.4758123457431793	1026868769	671499372	1026868769.660543
4632	0.7459264	-0.14878077	1.7134051	185.23859	6.2391023	2.7386234	-0.68358654	0.078929792	1.5000994205474854	1.2769237756729126	1027859959	199170828	1027859959.18811
4648	2.5098499	0.94825825	2.8215942	667.89985	7.2676822	2.1542259	0.31751461	0.076012541	2.8522868156433105	-0.4056646525859833	1007380298	851810455	1007380298.830811
4669	3.6590992	-0.45114109	2.7294124	579.08733	8.2858005	2.3393082	0.15779397	0.089096639	2.692394256591797	-1.8437262773513794	1006049324	401894093	1006049324.419575
4687	5.053408	0.68080427	3.0737931	527.31569	6.7660304	2.1744767	0.19789797	0.010297669	2.728982448577881	2.7100830078125	1014893150	257193565	1014893150.24646
