simulation_id	longitude	latitude	inclination	distance	mass1	mass2	spin1z	spin2z	gps_time	geocent_end_time	geocent_end_time_ns
29	5.6884721	0.11746066	2.4076972	765.09446	8.3713815	2.4992445	0.8120648	0.24682594	1006205723.900896	1006205723	915795922
139	2.3893545	-0.25865662	0.63523167	1133.4312	9.7062532	2.9992763	0.47732075	0.10414571	1005607761.86671	1005607761	847602844
155	1.9447457	-0.49472089	2.5847512	77.631995	16.753418	2.6403828	-0.023089048	0.62004196	1022769384.184788	1022769384	172374606
324	4.1969572	-0.084871531	2.5094271	450.68363	11.438912	1.5046066	0.045472875	0.36411724	1007149846.864398	1007149846	876302481
414	5.0504573	0.92882725	0.17802614	234.90757	17.179554	1.458303	-0.5513732	-0.1920094	1018865718.924598	1018865718	943194747
424	3.6338678	-0.53606121	1.3994734	325.01138	10.848752	2.5456046	0.001271505	-0.3118062	1004435681.685005	1004435681	669885039
472	6.0799118	-0.28348083	0.21943161	462.4613	9.7319171	1.3956539	0.19013636	0.079823723	1013597432.430836	1013597432	414562702
523	2.0066968	0.46403191	0.4968426	506.23265	6.7193902	2.9271363	-0.031127075	0.12818778	1003571107.490052	1003571107	507750392
524	3.5356912	0.91239219	2.6975261	1512.8589	25.336515	2.9755913	0.10526891	0.17257256	1009550536.692875	1009550536	712878466
533	1.1483366	0.65592033	2.6746674	949.27688	8.2278549	1.8775137	0.06504596	0.12810929	1018725341.484603	1018725341	503397346
534	2.3823751	0.4575622	2.9404342	151.63362	7.8983087	1.7114736	-0.5825991	-0.032872492	1022636617.350464	1022636617	365930200
663	5.8350669	-0.18353019	2.6732591	661.71397	9.5936073	2.4014304	0.25174061	-0.041680469	1017641548.308936	1017641548	292726159
753	2.7785913	0.097516581	2.8107844	526.82743	8.4637081	2.705492	-0.091825947	-0.072535213	1005892599.22333	1005892599	219850540
764	2.7781862	0.52454569	3.0706906	1027.1089	18.471107	3.1250739	-0.070954668	0.052728598	1022794720.583984	1022794720	602401733
766	5.3723851	-0.05485666	0.74116606	397.34291	10.099541	2.2622819	-0.35801536	0.25173689	1026746312.190552	1026746312	179706931
802	4.7608238	0.42780669	0.97456285	475.23862	3.5472845	2.2345255	-0.003289894	-0.01539724	1026264532.211546	1026264532	224388599
857	5.52101	0.74576328	0.84950818	346.4987	9.7662192	2.3576985	0.1408742	0.19368033	1001980770.991002	1001980771	8471370
907	6.1656293	0.11676505	2.9414995	442.01762	7.5630455	2.2293574	-0.41246404	0.15052833	1025100856.793493	1025100856	808237314
935	2.6244984	0.8982533	3.0191111	1441.3397	12.316938	2.5936448	0.066224046	-0.32915315	1009193522.268781	1009193522	288999677
1037	3.2151128	-0.3474489	0.95898053	727.88962	11.577942	2.0018231	0.15572576	-0.027004285	1026307835.095474	1026307835	77175021
1057	5.4781417	-0.70068447	0.69998634	490.0784	9.5668561	2.8854493	-0.29612935	-0.34880279	1003921424.660996	1003921424	642439008
1079	5.6225414	-0.45882869	2.520237	1127.4484	12.882573	3.2857648	0.21814871	0.10712824	1004008931.873779	1004008931	855524659
1171	5.1467037	-1.137863	0.95783784	561.45188	8.6829338	1.9724324	-0.26874438	0.24672721	1013078402.623708	1013078402	610899210
1210	0.98042391	0.78470642	1.0288632	442.60043	10.471779	2.8986981	-0.41178399	-0.039962566	1007018716.747437	1007018716	768333793
1241	1.9435836	0.532535	2.9811649	182.82055	9.6126088	1.8338451	0.058667453	0.00088780957	1006803757.299274	1006803757	293229699
1287	5.1681034	-0.38011901	2.5895066	233.49139	6.7776269	2.380692	0.85642288	-0.20202313	1004140745.794678	1004140745	807139874
1292	1.758635	0.24207617	0.55150093	879.2992	15.343953	1.8278855	-0.57092138	0.25064517	1011414223.870136	1011414223	887211680
1367	0.28269089	0.66756321	2.8275884	402.80206	7.3631348	1.7713267	0.62723027	-0.0090499235	1027936749.673017	1027936749	692999959
1380	2.7886657	-0.57052756	0.75811146	498.82053	8.2300178	1.6600943	-0.61782023	0.075197801	1001653339.318177	1001653339	297891855
1448	5.7227539	-0.12869128	2.6105816	177.51499	6.614968	1.5369772	-0.0033418875	0.21435953	1011360761.159754	1011360761	151767850
1486	4.6605849	-1.2968143	0.71012957	340.31639	4.3814173	1.8630288	0.062397855	-0.041363809	1011601936.077785	1011601936	62849760
1544	1.5383272	0.66095415	0.31268987	459.611	12.946718	2.428705	-0.56230062	-0.0011957375	1018842571.091419	1018842571	104997158
1550	0.88071199	0.69373723	0.75571341	113.08338	14.722336	2.0192979	0.2079355	-0.0010934699	1006215037.411499	1006215037	418568134
1585	3.9623529	0.48022642	2.5389474	788.36251	9.3396709	3.054376	0.0087915626	-0.20265682	1025408938.306641	1025408938	326565504
1638	6.2735131	-0.64370414	0.57204269	720.47181	6.9636042	2.8666998	0.0014216843	0.0086640011	1029855859.90989	1029855859	901249528
1671	1.5587444	-0.14258133	2.7377596	632.62699	12.185633	2.1659651	0.095203138	-0.18837393	1018144267.775016	1018144267	786113620
1802	6.1021241	-0.21436798	0.84310333	645.75136	11.161587	2.1225001	0.41087443	0.11532365	1003251457.818337	1003251457	800512075
1809	5.935824	-1.220242	0.80926614	473.22071	36.894344	2.1247471	-0.072087132	0.028644652	1010380481.56604	1010380481	552830219
1811	4.5197371	1.4544074	3.0501999	593.89686	8.3553675	2.5878802	0.032159538	-0.18227261	1026226133.806589	1026226133	818544745
1822	4.8146089	-0.18003489	2.9095497	634.9507	26.4499	2.4339085	-0.45184315	-0.074871728	1008778692.387309	1008778692	398991823
1838	6.0455641	0.27367184	2.4387865	606.63769	12.682289	2.5845644	-0.12471592	-0.22792857	1011318285.383747	1011318285	396858931
1897	1.2880272	1.0456438	2.8626611	585.73055	12.12272	2.8807352	0.080676116	0.33938006	1028547703.968584	1028547703	985597253
1915	5.3336145	-0.64246078	0.95247871	317.0021	22.725038	1.8459211	-0.0066546614	0.14038197	1007358434.892334	1007358434	877044678
2041	5.9641257	0.25676362	2.2361463	405.25655	6.7156289	1.8198122	0.11604229	-0.20881555	1007425399.049683	1007425399	66970348
2053	1.3164101	-0.0644138	2.655085	501.27421	4.5146029	1.988791	-0.17198339	-0.15949581	1004221048.849756	1004221048	833314300
2095	4.352725	-0.20932182	2.475205	343.57864	15.271431	2.2679107	0.76550084	0.027715663	1029161116.828401	1029161116	809924722
2106	4.5395402	-0.19260687	0.4677018	599.33582	14.546317	2.2738086	0.11719546	-0.027303142	1001681554.478027	1001681554	461209655
2211	5.6668552	-0.090546085	2.4039732	502.21383	4.152082	2.4834514	-0.0099781523	0.0031087571	1015739444.02269	1015739444	5710006
2251	2.602259	-0.027067084	0.25168223	864.16305	23.588875	2.0352439	0.63311794	0.013357307	1017595222.519026	1017595222	503783345
2309	3.7198671	-0.019783232	0.7554301	524.13393	13.20095	2.0329247	0.073262773	0.025958854	1024113099.881151	1024113099	896955729
2345	5.1051986	-1.3475471	1.2094943	500.72566	8.4123375	2.8896368	0.042564543	-0.16203137	1026058348.768724	1026058348	753300428
2414	4.3603062	0.94324499	2.2683971	624.74869	14.512015	2.6784546	0.26612557	-0.230044	1011693652.686523	1011693652	698763251
2441	2.3118228	0.27958155	1.6100898	357.10627	8.5493309	2.3316613	-0.16848989	-0.11883731	1011343457.884766	1011343457	902851343
2447	2.0875639	-1.2068765	2.5633063	488.43968	7.0975099	2.7876294	0.027041954	0.26734596	1014923410.619751	1014923410	606727719
2665	0.53591828	-0.90562684	2.2945179	722.50809	10.721806	1.993945	0.62968496	-0.049683394	1018422137.752928	1018422137	732807279
2666	5.2375422	0.29459992	1.8763702	242.8999	6.9000777	1.6417664	0.7354725	-0.0052334648	1031365038.574104	1031365038	593365550
2707	4.8411101	1.3641707	1.939758	219.71612	16.57963	1.7355577	-0.22180081	-0.024153909	1012297170.87561	1012297170	888948441
2844	3.5346405	-0.03865754	2.6575798	183.42897	10.36016	1.2253588	-0.14256983	0.076948959	1024941080.634155	1024941080	627866983
2851	4.8463831	0.68310934	2.4611651	1188.9605	13.469063	3.2912994	0.050750547	-0.046133256	1005767226.898232	1005767226	917885303
2938	2.7901468	0.94287256	0.74616858	580.79181	14.060439	1.5619296	0.432712	0.029279202	1002383571.3474	1002383571	367313147
2968	3.8026294	0.47164541	0.19055353	559.78227	7.619077	2.3682751	-0.1903343	0.25070647	1027659662.772461	1027659662	788440466
3008	2.3784859	0.25351372	0.68841728	102.37193	8.3470844	2.7279884	0.061537899	-0.087803016	1004139002.621151	1004139002	609464049
3115	1.6970604	-0.52109122	2.485849	1160.7233	8.3948688	3.216896	-0.23701804	-0.34270666	1029469489.191755	1029469489	171542525
3118	4.539576	-1.0000836	1.6456088	215.1975	7.0010088	1.1457782	-0.18520644	-0.15190376	1024360047.410271	1024360047	398530841
3137	0.92088574	0.53883783	2.5490138	894.57176	7.122089	2.3394265	-0.083912351	-0.052626618	1014682650.441562	1014682650	461447120
3310	1.4257877	0.79342125	2.2834774	619.6962	6.8486087	3.2212581	0.0096084588	0.65491267	1001241618.70489	1001241618	724837661
3321	6.0410719	0.49696838	0.46757919	1365.5673	10.498397	2.2359177	0.58237768	0.30117272	1010870359.908637	1010870359	928934097
3362	5.4636732	-1.0435284	2.3561078	343.98268	7.4113064	1.9379432	0.19469687	-0.11360336	1021167915.609985	1021167915	589433551
3394	2.4523426	-0.19326564	2.2241925	625.53733	7.4419243	3.3750525	0.79491755	0.11955278	1028959765.307045	1028959765	288706303
3650	2.6107088	0.34136205	1.4363267	243.86311	18.000282	1.7510206	0.017739913	-0.20151405	1000224356.778098	1000224356	796983242
3653	5.1665928	1.0812983	2.3071369	420.28743	12.454358	1.597499	0.070183264	0.178507	1003959186.671265	1003959186	688650608
3745	6.18627	0.49334932	2.2977828	329.54705	8.605931	2.6360269	0.0085937284	0.25562282	1031119657.075706	1031119657	95576406
3794	0.50035817	-1.2358795	0.21442002	931.65086	7.188038	2.300157	-0.032786074	-0.19399993	1012814914.496462	1012814914	479499698
3805	2.9573194	0.54587827	0.59487178	441.75448	8.5382157	1.8510599	-0.49762466	-0.19030895	1013587551.698234	1013587551	718658447
3900	3.1047484	0.578226	0.38272154	745.99383	14.377767	2.8464944	0.19072777	0.25677821	1015479245.141235	1015479245	161800504
3910	2.7821227	-0.48241988	0.21096227	502.62432	10.300704	2.0632435	0.46935615	-0.13583105	1027861200.708016	1027861200	693907261
3933	4.0027323	0.44667263	0.48545622	387.72687	7.048525	2.4025196	-0.0066854129	0.15584643	1011363507.30845	1011363507	328522444
3948	3.8200415	-0.69558201	2.0149913	379.15293	7.1463383	2.0986946	0.26499878	0.12719475	1019773514.196563	1019773514	180181623
3951	1.8926901	-1.1859472	1.032564	404.90062	20.992949	1.5797706	0.0041802922	0.0301546	1027085089.805676	1027085089	795868635
3962	1.9051205	-0.27614748	2.7293536	401.11129	6.64102	1.4550277	0.3102781	-0.14606291	1025868689.320804	1025868689	309765697
4019	0.72354439	0.54347775	2.3231171	444.69803	8.532138	2.1178328	0.54901437	-0.21027426	1027125788.864772	1027125788	857550383
4195	3.5127877	-0.046408451	2.8079095	396.62607	6.7550567	1.4279042	-0.034894827	-0.065049427	1010789137.350738	1010789137	334444642
4207	0.83147134	1.1723689	2.8977874	82.612722	6.5415693	2.1816272	-0.13800305	0.11901134	1016377577.168457	1016377577	178080797
4226	5.1872842	0.6055642	0.91033987	593.98394	7.3626318	1.9590815	0.08915395	0.069786017	1020607252.57609	1020607252	593894958
4490	4.5723797	-0.012052676	0.33997041	614.05039	16.831761	2.8194027	0.14244677	-0.031617416	1017283667.945355	1017283667	934094548
4535	3.5218369	-0.3441541	2.5337143	527.87588	17.461263	3.1423492	-0.43892837	-0.52344292	1026868769.660543	1026868769	671499372
4632	0.7459264	-0.14878077	1.7134051	185.23859	6.2391023	2.7386234	-0.68358654	0.078929792	1027859959.18811	1027859959	199170828
4648	2.5098499	0.94825825	2.8215942	667.89985	7.2676822	2.1542259	0.31751461	0.076012541	1007380298.830811	1007380298	851810455
4669	3.6590992	-0.45114109	2.7294124	579.08733	8.2858005	2.3393082	0.15779397	0.089096639	1006049324.419575	1006049324	401894093
4687	5.053408	0.68080427	3.0737931	527.31569	6.7660304	2.1744767	0.19789797	0.010297669	1014893150.24646	1014893150	257193565
